Lambda	b	b0	p	w
3415.860107	128.063847	-0.000106	-0.136141	-0.091307
3421.860107	170.127520	0.000000	-0.136044	-0.059498
3427.860107	133.968852	0.000000	-0.118653	-0.056045
3433.850098	125.857751	0.000000	-0.107545	-0.042310
3439.820068	102.803377	0.000000	-0.097484	-0.037929
3445.780029	64.869858	0.000000	-0.089002	-0.037244
3451.729980	122.894750	0.000000	-0.076278	-0.017883
3457.669922	74.733772	0.000000	-0.079049	-0.038785
3463.600098	72.300626	0.000000	-0.070174	-0.030641
3469.510010	60.064935	0.000000	-0.062399	-0.027217
3475.409912	59.411604	0.000000	-0.050468	-0.018471
3481.300049	71.413653	0.000000	-0.048447	-0.006747
3487.179932	29.244284	0.000000	-0.051845	-0.014875
3493.050049	31.342816	0.000000	-0.040872	-0.010067
3498.899902	29.221635	0.000000	-0.035280	-0.002657
3504.750000	-14.777776	0.000000	-0.035104	-0.015702
3510.580078	1.379279	0.000000	-0.028617	-0.008117
3516.399902	-36.901034	0.000000	-0.032778	-0.022572
3522.199951	-44.148405	0.000000	-0.033205	-0.026801
3528.000000	-48.574443	0.000000	-0.024668	-0.019581
3533.780029	-52.579926	0.000000	-0.016981	-0.009966
3539.550049	-76.551647	0.000000	-0.009856	-0.014595
3545.310059	-67.333990	0.000000	-0.005133	-0.003091
3551.050049	-88.764638	0.000000	-0.004236	-0.010414
3556.780029	-97.691340	0.000000	-0.004364	-0.009990
3562.500000	-100.934303	0.000000	-0.005504	-0.014492
3568.209961	-100.021473	0.000000	0.001183	-0.006075
3573.909912	-79.209045	0.000000	0.007430	0.005780
3579.590088	-82.481626	0.000000	0.008131	0.001407
3585.260010	-71.591587	0.000000	0.005502	-0.000247
3590.919922	-75.330167	0.000000	0.009623	0.010025
3596.570068	-89.865795	0.000000	0.008248	0.007675
3602.199951	-121.344817	0.000000	0.009686	-0.003639
3607.820068	-113.034581	0.000000	0.009989	-0.000438
3613.429932	-117.711010	0.000000	0.010918	-0.002853
3619.030029	-95.754017	0.000000	0.015860	0.008411
3624.610107	-79.794657	0.000000	0.021780	0.018611
3630.179932	-74.365620	0.000000	0.024072	0.013637
3635.739990	-62.107065	0.000000	0.029302	0.022147
3641.280029	-74.397185	0.000000	0.008627	0.000277
3646.820068	-91.950223	0.000000	0.004293	-0.015696
3652.340088	-78.517434	0.000000	-0.010473	-0.024022
3657.840088	-81.487869	0.000000	-0.014385	-0.033014
3663.340088	-65.937899	0.000000	-0.016266	-0.025885
3668.820068	-68.924999	0.000000	-0.021611	-0.034888
3674.290039	-59.506832	0.000000	-0.018046	-0.030438
3679.739990	-15.764330	0.000000	-0.013258	-0.018458
3685.179932	21.238833	0.000000	-0.006048	-0.004448
3690.610107	36.199372	0.000000	-0.004850	-0.001421
3696.030029	53.888582	0.000000	-0.002528	0.001929
3701.429932	56.606309	0.000000	-0.010945	-0.005231
3706.820068	70.943499	0.000000	-0.017354	-0.010653
3712.199951	76.121663	0.000000	-0.020272	-0.014591
3717.560059	89.801558	0.000000	-0.023261	-0.012014
3722.919922	96.398349	0.000000	-0.023900	-0.012200
3728.250000	83.935670	0.000000	-0.026980	-0.015809
3733.580078	92.162567	0.000000	-0.021742	-0.009412
3738.889893	89.239496	0.000000	-0.023150	-0.012811
3744.189941	98.475879	0.000000	-0.018375	-0.001599
3749.469971	95.146882	0.000000	-0.008625	0.006296
3754.739990	97.648680	0.000000	-0.002080	0.009518
3760.000000	100.751959	0.000000	-0.000331	0.015611
3765.239990	82.270731	0.000000	-0.001115	0.009771
3770.469971	65.907161	0.000000	0.000161	0.006495
3775.689941	55.173822	0.000000	-0.005575	0.000579
3780.899902	41.068092	0.000000	-0.001315	0.003213
3786.090088	39.500968	0.000000	-0.000379	0.003203
3791.260010	42.114331	0.000000	0.003818	0.012331
3796.429932	20.896430	0.000000	-0.002201	0.004271
3801.580078	20.125306	0.000000	0.001037	0.012672
3806.709961	20.987530	0.000000	0.003114	0.015808
3811.840088	32.646173	0.000000	0.005424	0.023486
3816.939941	29.963150	0.000000	0.012416	0.027360
3822.040039	26.905360	0.000000	0.015446	0.026566
3827.120117	57.004942	0.000000	0.023852	0.040512
3832.189941	25.170323	0.000000	0.023621	0.033928
3837.239990	37.528129	0.000000	0.025606	0.033493
3842.280029	17.615772	0.000000	0.022201	0.024628
3847.310059	16.698961	0.000000	0.029158	0.019617
3852.320068	16.554716	0.000000	0.030544	0.025178
3857.320068	14.243124	0.000000	0.032140	0.023256
3862.300049	6.400242	0.000000	0.036290	0.021030
3867.270020	-9.597739	0.000000	0.041086	0.020834
3872.229980	14.569743	0.000000	0.038418	0.027216
3877.169922	1.717565	0.000000	0.038515	0.021433
3882.100098	7.607372	0.000000	0.041987	0.023127
3887.010010	21.022483	0.000000	0.045929	0.032278
3891.909912	-9.044346	0.000000	0.029866	0.009257
3896.800049	-1.623709	0.000000	0.030406	0.004067
3901.669922	0.014900	0.000000	0.020334	-0.001520
3906.530029	-4.832906	0.000000	0.024779	0.001458
3911.370117	6.470183	0.000000	0.023519	0.006594
3916.199951	-9.696087	0.000000	0.018686	-0.007697
3921.010010	-27.031395	0.000000	0.014402	-0.015028
3925.810059	-11.785479	0.000000	0.019406	-0.001506
3930.600098	16.749109	0.000000	0.015487	0.007372
3935.370117	12.323147	0.000000	0.011652	-0.002277
3940.129883	13.906783	0.000000	0.013465	0.000845
3944.870117	-1.924952	0.000000	0.008478	-0.006956
3949.600098	-13.936704	0.000000	0.012873	-0.005714
3954.310059	-8.629742	0.000000	0.000984	-0.010682
3959.010010	10.321796	0.000000	0.002568	-0.011429
3963.699951	4.309353	0.000000	0.014820	-0.005293
3968.370117	-38.080789	0.000000	0.007610	-0.013637
3973.020020	-0.097924	0.000000	0.012933	-0.010054
3977.659912	-72.996518	0.000000	-0.017367	-0.040802
3982.290039	-43.986327	0.000000	0.020974	-0.017951
3986.899902	88.758074	0.000000	0.021374	0.016077
3991.500000	18.927956	0.000000	0.004930	-0.003066
3996.080078	45.773827	0.000000	0.000127	-0.000914
31000.599609	-25.199362	0.000000	-0.033030	-0.050148
31005.199219	-75.366323	0.000000	-0.045077	-0.075107
31009.699219	-12.871454	0.000000	-0.058285	-0.067527
31014.199219	119.558056	0.000000	-0.066567	-0.037454
31081.199219	8.096803	0.000000	0.008776	0.024617
31086.599609	25.618126	0.000000	0.011317	0.030040
31092.000000	19.336971	0.000000	0.011583	0.029496
31097.300781	31.741380	0.000000	0.018428	0.037635
31102.699219	27.064889	0.000000	0.023867	0.042026
31108.099609	31.202003	0.000000	0.027543	0.044500
31113.400391	36.804563	0.000000	0.030289	0.047388
31118.699219	47.049762	0.000000	0.034217	0.051482
31124.000000	58.687444	0.000000	0.037953	0.055322
31129.300781	75.622200	0.000000	0.042108	0.062995
31134.599609	90.537785	0.000000	0.044034	0.065728
31139.900391	105.507224	0.000000	0.044994	0.071398
31145.199219	103.899461	0.000000	0.040954	0.067602
31150.400391	94.238574	0.000000	0.034834	0.060727
31155.699219	83.547770	0.000000	0.029201	0.051826
31160.900391	73.243169	0.000000	0.025976	0.047537
31166.199219	63.025631	0.000000	0.022380	0.043250
31171.400391	43.145275	0.000000	0.016691	0.035644
31176.599609	31.930302	0.000000	0.012890	0.030931
31181.800781	15.769415	0.000000	0.008098	0.024699
31187.000000	-2.915074	0.000000	0.003427	0.016233
31192.199219	-13.047003	0.000000	-0.000595	0.011738
31197.400391	-26.020065	0.000000	-0.006384	0.001947
31202.500000	-34.781616	0.000000	-0.010059	-0.001918
31207.699219	-28.974663	0.000000	-0.013011	-0.003192
31212.800781	-40.162267	0.000000	-0.014464	-0.005265
31218.000000	-45.377708	0.000000	-0.014698	-0.006756
31223.099609	-44.315257	0.000000	-0.012706	-0.004711
31228.300781	-51.680781	0.000000	-0.013462	-0.007603
31233.400391	-60.854343	0.000000	-0.015519	-0.008098
31238.500000	-70.471657	0.000000	-0.017380	-0.010620
31243.599609	-78.385951	0.000000	-0.014186	-0.010689
31248.699219	-88.685260	0.000000	-0.014303	-0.012579
31253.800781	-85.282868	0.000000	-0.011380	-0.009749
31258.900391	-89.872890	0.000000	-0.012274	-0.010234
31263.900391	-92.611476	0.000000	-0.010760	-0.010950
31269.000000	-101.027174	0.000000	-0.009576	-0.010107
31274.099609	-99.450931	0.000000	-0.005252	-0.007236
31279.099609	-107.920529	0.000000	-0.005433	-0.007454
31284.199219	-104.398521	0.000000	-0.002387	-0.004204
31289.199219	-108.474542	0.000000	-0.001171	-0.003922
31294.300781	-109.245226	0.000000	0.001876	-0.005781
31299.300781	-111.294401	0.000000	0.000816	-0.005946
31304.300781	-100.723525	0.000000	0.003677	-0.004848
31309.300781	-98.670830	0.000000	0.001251	-0.007142
31314.300781	-95.607420	0.000000	0.004194	-0.005428
31319.400391	-96.447836	0.000000	0.003286	-0.006860
31324.400391	-100.004260	0.000000	0.003590	-0.008275
31329.300781	-106.336668	0.000000	0.001953	-0.011879
31334.300781	-119.144891	0.000000	0.001180	-0.016516
31339.300781	-121.172770	0.000000	0.000148	-0.020150
31344.300781	-112.579613	0.000000	-0.001207	-0.021240
31349.300781	-108.634486	0.000000	-0.003897	-0.024997
31354.199219	-99.052420	0.000000	-0.006984	-0.030513
31359.199219	-110.221813	0.000000	-0.013493	-0.042199
31364.099609	-95.907970	0.000000	-0.015805	-0.043209
31369.099609	-99.877311	0.000000	-0.017173	-0.045483
31374.000000	-90.638994	0.000000	-0.024004	-0.053166
31379.000000	-73.384833	0.000000	-0.033039	-0.061675
31383.900391	-48.737968	0.000000	-0.045451	-0.071527
31388.800781	-52.195598	0.000000	-0.054463	-0.080249
31393.800781	-65.509589	0.000000	-0.068857	-0.092437
31398.699219	-41.895338	0.000000	-0.076072	-0.093504
31403.599609	14.425815	0.000000	-0.082461	-0.092432
31408.500000	81.613599	0.000000	-0.084758	-0.087907
31413.400391	102.728691	0.000000	-0.090416	-0.088101
31418.300781	83.205565	0.000000	-0.087876	-0.078326
31423.199219	63.315026	0.000000	-0.081528	-0.064706
31428.099609	28.770917	0.000000	-0.075876	-0.057495
31432.900391	-4.997719	0.000000	-0.071591	-0.049326
31437.800781	-46.666859	0.000000	-0.065651	-0.048257
31442.699219	-82.771305	0.000000	-0.061692	-0.046266
31447.500000	-115.040143	0.000000	-0.057233	-0.046095
31452.400391	-130.158654	0.000000	-0.054502	-0.041338
31457.300781	-138.026407	0.000000	-0.053166	-0.041798
31462.099609	-141.080529	0.000000	-0.052769	-0.040504
31466.900391	-133.274761	0.000000	-0.051075	-0.037071
31471.800781	-139.696280	0.000000	-0.052862	-0.038510
31476.599609	-131.094767	0.000000	-0.049742	-0.037283
31481.400391	-131.279358	0.000000	-0.047949	-0.036026
31486.300781	-109.256012	0.000000	-0.042543	-0.027553
31491.099609	-103.456842	0.000000	-0.040136	-0.023118
31495.900391	-89.342033	0.000000	-0.036847	-0.018112
31500.699219	-89.391330	0.000000	-0.034126	-0.019773
31505.500000	-80.266698	0.000000	-0.030123	-0.017966
31510.300781	-81.249263	0.000000	-0.027173	-0.016736
31515.099609	-71.949836	0.000000	-0.024984	-0.014475
31519.900391	-63.429038	0.000000	-0.021504	-0.010388
31524.699219	-44.951570	0.000000	-0.018430	-0.005046
31529.400391	-36.982526	0.000000	-0.015361	-0.001542
31534.199219	-24.025964	0.000000	-0.011896	0.001708
31539.000000	-20.661254	0.000000	-0.007282	0.005061
31543.699219	-16.565630	0.000000	-0.005530	0.003749
31548.500000	-6.509844	0.000000	0.000553	0.011611
31553.199219	2.510403	0.000000	0.004077	0.013654
31558.000000	15.539000	0.000000	0.009876	0.021864
31562.699219	31.153044	0.000000	0.014967	0.025775
31567.400391	33.227923	0.000000	0.017459	0.026455
31572.099609	44.389002	0.000000	0.022123	0.031613
31576.900391	50.388931	0.000000	0.026106	0.037998
31581.599609	59.484925	0.000000	0.030650	0.039981
31586.300781	66.592074	0.000000	0.033482	0.043616
31591.000000	70.407198	0.000000	0.036234	0.045313
31595.699219	69.483164	0.000000	0.034391	0.043532
31600.400391	66.082135	0.000000	0.038351	0.042785
31605.099609	67.897675	0.000000	0.040778	0.046766
31609.699219	83.200546	0.000000	0.044673	0.052164
31614.400391	71.997282	0.000000	0.042059	0.048763
31619.099609	74.877259	0.000000	0.042773	0.046790
31623.699219	69.295687	0.000000	0.041303	0.041943
31628.400391	78.118151	0.000000	0.044342	0.044226
31633.000000	76.350788	0.000000	0.046072	0.044862
31637.699219	72.182224	0.000000	0.047718	0.045516
31642.300781	55.518558	0.000000	0.047984	0.040283
31646.900391	48.706311	0.000000	0.048777	0.041387
31651.500000	40.947188	0.000000	0.051418	0.040560
31656.199219	21.831911	0.000000	0.050377	0.036598
31660.800781	3.702822	0.000000	0.048137	0.031759
31665.400391	0.072646	0.000000	0.048661	0.032855
31670.000000	-5.866054	0.000000	0.047020	0.027107
31674.500000	0.935461	0.000000	0.044605	0.025886
31679.099609	3.118171	0.000000	0.042965	0.022798
31683.699219	12.084068	0.000000	0.040573	0.020976
31688.300781	11.757856	0.000000	0.041021	0.019811
31692.800781	15.242795	0.000000	0.040255	0.017026
31697.400391	30.175365	0.000000	0.039041	0.017715
31701.900391	24.711462	0.000000	0.036494	0.016704
31706.500000	25.332544	0.000000	0.036772	0.014260
31711.000000	28.747150	0.000000	0.033398	0.011800
31715.500000	41.693472	0.000000	0.034419	0.014676
31720.000000	39.169886	0.000000	0.033047	0.013869
31724.599609	47.027284	0.000000	0.033225	0.013743
31729.099609	37.440860	0.000000	0.033252	0.011511
31733.599609	36.765960	0.000000	0.031821	0.013078
31738.099609	22.946509	0.000000	0.035363	0.011971
31742.500000	14.442360	0.000000	0.033888	0.009666
31747.000000	19.430417	0.000000	0.035907	0.014213
31751.500000	25.061267	0.000000	0.036743	0.017061
31755.900391	30.526013	0.000000	0.040659	0.020711
31760.400391	35.728139	0.000000	0.040801	0.022656
31764.800781	43.122229	0.000000	0.043159	0.025707
31769.300781	47.948395	0.000000	0.043679	0.027651
31773.699219	53.451060	0.000000	0.043537	0.030265
31778.099609	50.877340	0.000000	0.044076	0.027685
31782.500000	55.631688	0.000000	0.044451	0.032328
31786.900391	64.301492	0.000000	0.047287	0.036453
31791.300781	69.973465	0.000000	0.046104	0.035519
31795.699219	68.329089	0.000000	0.049032	0.040079
31800.099609	74.260448	0.000000	0.050003	0.041265
31804.500000	86.017563	0.000000	0.053307	0.045255
31808.900391	103.912051	0.000000	0.056141	0.051972
31813.199219	102.294919	0.000000	0.058325	0.052521
31817.599609	116.749614	0.000000	0.061216	0.056672
31821.900391	102.031108	0.000000	0.060588	0.053420
31826.199219	120.581565	0.000000	0.061568	0.059684
31830.599609	129.387922	0.000000	0.062464	0.059334
31834.900391	126.449388	0.000000	0.062199	0.059551
31839.199219	129.443003	0.000000	0.063165	0.061664
31843.500000	128.270724	0.000000	0.064884	0.063742
31847.800781	106.713558	0.000000	0.060061	0.055115
31852.099609	112.486801	0.000000	0.060182	0.059661
31856.400391	84.754145	0.000000	0.052057	0.050151
31860.599609	86.494581	0.000000	0.049558	0.051381
31864.900391	67.739356	0.000000	0.043720	0.046426
31869.099609	56.436791	0.000000	0.033350	0.036831
31873.400391	17.480297	0.000000	0.022911	0.023409
31877.599609	-2.514644	0.000000	0.015809	0.017293
31881.900391	-20.343773	0.000000	0.009462	0.007309
31886.099609	-27.602443	0.000000	0.004350	-0.005950
31890.300781	-5.503943	0.000000	0.006137	-0.011789
31894.500000	40.710684	0.000000	0.005701	-0.017467
31898.699219	115.470775	0.000000	0.005336	-0.016105
31902.900391	198.775063	0.000000	0.009245	-0.007300
31907.000000	242.998598	0.000000	0.009867	-0.004068
31911.199219	253.592288	0.000000	0.012068	-0.003596
31915.400391	218.952985	0.000000	0.012196	-0.006094
31919.500000	183.588859	0.000000	0.015225	-0.009377
31923.699219	146.395277	0.000000	0.014634	-0.009517
31927.800781	119.806450	0.000000	0.017268	-0.011056
31931.900391	79.583485	0.000000	0.019011	-0.013760
31936.099609	69.497817	0.000000	0.020482	-0.009993
31940.199219	45.492166	0.000000	0.018803	-0.014861
31944.300781	43.242032	0.000000	0.020074	-0.009642
31948.400391	33.402812	0.000000	0.019928	-0.009972
31952.500000	34.614216	0.000000	0.022245	-0.003924
31956.599609	23.930784	0.000000	0.020298	-0.005355
31960.599609	26.000451	0.000000	0.019657	-0.001084
31964.699219	20.889648	0.000000	0.021110	0.003082
31968.800781	17.546228	0.000000	0.018057	0.003352
31972.800781	12.528413	0.000000	0.017632	0.003269
31976.800781	-0.866440	0.000000	0.017199	0.004898
31980.900391	3.027740	0.000000	0.018280	0.009477
31984.900391	-8.148370	0.000000	0.015144	0.009596
31988.900391	-13.633851	0.000000	0.015388	0.012489
31992.900391	-29.861962	0.000000	0.013144	0.011731
31996.900391	-36.318921	0.000000	0.009628	0.009462
32000.900391	-51.122507	0.000000	0.007063	0.008498
32004.900391	-52.551844	0.000000	0.004252	0.011040
32008.900391	-55.696251	0.000000	0.004182	0.013396
32012.900391	-66.307356	0.000000	-0.001905	0.008212
32016.900391	-54.804531	0.000000	-0.000939	0.016213
32020.800781	-73.067763	0.000000	-0.002529	0.011057
32024.800781	-83.552026	0.000000	-0.006387	0.006603
32028.699219	-83.296526	0.000000	-0.012915	0.005835
32032.699219	-83.782627	0.000000	-0.012292	0.010346
32036.599609	-92.778575	0.000000	-0.017982	0.001733
32040.500000	-92.144733	0.000000	-0.019621	0.005362
32044.400391	-85.443599	0.000000	-0.024081	0.001017
32048.400391	-106.200844	0.000000	-0.027145	-0.005761
32052.300781	-97.121880	0.000000	-0.029612	-0.006906
32056.199219	-116.319580	0.000000	-0.033371	-0.009714
32060.099609	-99.861841	0.000000	-0.034831	-0.007669
32063.900391	-104.741655	0.000000	-0.037539	-0.007792
32067.800781	-105.131537	0.000000	-0.041775	-0.013846
32071.699219	-86.056671	0.000000	-0.044349	-0.011958
32075.599609	-99.724215	0.000000	-0.048651	-0.016595
32079.400391	-89.402287	0.000000	-0.049759	-0.016679
32083.300781	-105.072637	0.000000	-0.053580	-0.024793
32087.199219	-70.609663	0.000000	-0.050662	-0.011906
32091.000000	-63.854772	0.000000	-0.052797	-0.013921
32094.900391	-66.972967	0.000000	-0.052409	-0.011994
32098.699219	-70.645369	0.000000	-0.058486	-0.021415
32102.500000	-83.241738	0.000000	-0.062233	-0.025291
32106.400391	-53.866821	0.000000	-0.061377	-0.024842
32110.199219	-89.380811	0.000000	-0.071531	-0.037306
32114.000000	-76.097084	0.000000	-0.064653	-0.034450
32117.900391	-63.116522	0.000000	-0.067201	-0.028196
32121.699219	-73.192904	0.000000	-0.068887	-0.038989
32125.500000	-56.199653	0.000000	-0.076047	-0.036633
32129.300781	-88.924435	0.000000	-0.080866	-0.050232
32133.099609	-58.662392	0.000000	-0.078143	-0.046549
32136.900391	-51.594072	0.000000	-0.079871	-0.043185
32140.699219	-67.108423	0.000000	-0.082449	-0.048160
32144.500000	-82.923789	0.000000	-0.088680	-0.062310
32148.300781	-59.254150	0.000000	-0.089243	-0.056264
32152.099609	-94.170484	0.000000	-0.094330	-0.085355
32155.900391	7.884932	0.000000	-0.090814	-0.052509
32159.699219	-29.494062	0.000000	-0.094967	-0.083402
32163.500000	42.244610	0.000000	-0.088192	-0.068468
32167.300781	-3.088097	0.000000	-0.098902	-0.091500
32171.099609	63.890995	0.000000	-0.087881	-0.082900
32174.900391	14.200617	0.000000	-0.089563	-0.099395
32178.599609	191.944053	0.000000	-0.076430	-0.063977
32182.400391	113.191045	0.000000	-0.075921	-0.085673
32186.199219	213.894961	0.000000	-0.093308	-0.086552
32190.000000	97.494278	0.000000	-0.085132	-0.121159
32193.800781	123.910534	0.000000	-0.101023	-0.144880
32197.599609	105.351639	0.000000	-0.075699	-0.152470
32201.400391	129.917333	0.000000	-0.078476	-0.152492
4415.859863	-5.563896	0.000000	0.017285	0.012863
4421.859863	-2.089855	0.000000	-0.009375	-0.010140
4427.859863	26.041364	0.000000	-0.061892	-0.043404
4433.850098	53.843507	0.000000	-0.118926	-0.078882
4439.819824	78.401339	0.000000	-0.162076	-0.101287
4445.779785	88.831976	0.000000	-0.174851	-0.102209
4451.729980	60.190245	0.000000	-0.142259	-0.076785
4457.669922	43.553168	0.000000	-0.127286	-0.068399
4463.600098	38.814188	0.000000	-0.116064	-0.062659
4469.510254	31.682052	0.000000	-0.106569	-0.062379
4475.410156	28.294316	0.000000	-0.098865	-0.061616
4481.299805	22.240601	0.000000	-0.090113	-0.060175
4487.180176	10.378757	0.000000	-0.080818	-0.055377
4493.049805	9.186025	0.000000	-0.073247	-0.045327
4498.899902	1.120872	0.000000	-0.067010	-0.040320
4504.750000	-1.762727	0.000000	-0.061246	-0.034176
4510.580078	-18.295278	0.000000	-0.057389	-0.034439
4516.399902	-29.889560	0.000000	-0.050361	-0.033617
4522.200195	-37.082592	0.000000	-0.043690	-0.033044
4528.000000	-50.884466	0.000000	-0.041080	-0.037348
4533.779785	-62.759215	0.000000	-0.038285	-0.042221
4539.549805	-63.555410	0.000000	-0.033925	-0.039700
4545.310059	-76.254751	0.000000	-0.028268	-0.039361
4551.049805	-76.713798	0.000000	-0.019222	-0.031145
4556.779785	-82.036722	0.000000	-0.010260	-0.025089
4562.500000	-87.992044	0.000000	-0.003388	-0.021246
4568.209961	-93.947788	0.000000	0.000668	-0.021185
4573.910156	-97.285544	0.000000	0.003586	-0.019967
4579.589844	-97.636906	0.000000	0.007400	-0.017055
4585.260254	-90.551072	0.000000	0.012059	-0.010856
4590.919922	-78.320048	0.000000	0.016244	-0.006314
4596.569824	-63.518114	0.000000	0.020413	0.000391
4602.200195	-53.081960	0.000000	0.022444	0.005407
4607.819824	-59.083573	0.000000	0.024307	0.006194
4613.430176	-68.286533	0.000000	0.026748	0.007922
4619.029785	-85.167453	0.000000	0.028915	0.005710
4624.609863	-94.243344	0.000000	0.030605	0.003028
4630.180176	-89.561192	0.000000	0.033439	0.007128
4635.739746	-77.446632	0.000000	0.036359	0.013287
4641.279785	-66.067216	0.000000	0.041666	0.020168
4646.819824	-55.387133	0.000000	0.042185	0.023411
4652.339844	-60.125723	0.000000	0.038834	0.016577
4657.839844	-66.372320	0.000000	0.030323	0.005429
4663.339844	-74.646053	0.000000	0.019103	-0.008486
4668.819824	-78.542403	0.000000	0.009556	-0.019393
4674.290039	-77.080272	0.000000	0.003929	-0.024117
4679.739746	-76.794057	0.000000	-0.001252	-0.026718
4685.180176	-73.954103	0.000000	-0.002261	-0.026780
4690.609863	-54.312896	0.000000	-0.000714	-0.020309
4696.029785	-27.415602	0.000000	0.002858	-0.012284
4701.430176	9.123265	0.000000	0.009458	0.001317
4706.819824	39.710465	0.000000	0.013599	0.011122
4712.200195	58.550500	0.000000	0.013878	0.014359
4717.560059	71.498387	0.000000	0.011439	0.012465
4722.919922	84.541697	0.000000	0.007798	0.010502
4728.250000	98.623852	0.000000	0.004443	0.009486
4733.580078	107.981700	0.000000	0.002652	0.009626
4738.890137	112.787553	0.000000	0.002338	0.011683
4744.189941	113.907832	0.000000	0.001900	0.011988
4749.470215	114.276515	0.000000	0.002173	0.012966
4754.739746	114.628520	0.000000	0.004438	0.017162
4760.000000	117.614968	0.000000	0.009247	0.023271
4765.239746	119.983151	0.000000	0.014673	0.030248
4770.470215	121.001178	0.000000	0.020388	0.036935
4775.689941	114.181413	0.000000	0.024440	0.038329
4780.899902	105.351255	0.000000	0.024715	0.036281
4786.089844	90.124505	0.000000	0.024338	0.032957
4791.260254	75.525069	0.000000	0.024433	0.028958
4796.430176	70.126232	0.000000	0.026275	0.030601
4801.580078	64.092134	0.000000	0.027253	0.031684
4806.709961	55.941851	0.000000	0.027797	0.033349
4811.839844	49.558213	0.000000	0.027341	0.034962
4816.939941	45.541450	0.000000	0.026847	0.037998
4822.040039	45.571173	0.000000	0.028034	0.041969
4827.120117	46.656839	0.000000	0.030947	0.046664
4832.189941	54.349815	0.000000	0.034447	0.051099
4837.239746	52.613252	0.000000	0.036780	0.053639
4842.279785	50.823968	0.000000	0.039743	0.055192
4847.310059	44.649584	0.000000	0.039427	0.053658
4852.319824	33.164384	0.000000	0.039045	0.047636
4857.319824	18.455958	0.000000	0.038571	0.040278
4862.299805	15.024689	0.000000	0.039085	0.036543
4867.270020	7.004907	0.000000	0.039158	0.033213
4872.229980	-3.110372	0.000000	0.041262	0.031025
4877.169922	-10.394538	0.000000	0.040998	0.030236
4882.100098	-18.228555	0.000000	0.040040	0.027281
4887.010254	-23.119075	0.000000	0.038935	0.025563
4891.910156	-17.497791	0.000000	0.039347	0.028839
4896.799805	-16.759069	0.000000	0.037549	0.028576
4901.669922	-25.194723	0.000000	0.036535	0.023157
4906.529785	-27.581607	0.000000	0.031904	0.016150
4911.370117	-34.868377	0.000000	0.025810	0.006582
4916.200195	-38.618162	0.000000	0.020903	0.000872
4921.010254	-33.169369	0.000000	0.018840	0.000848
4925.810059	-40.025734	0.000000	0.015137	-0.003900
4930.600098	-49.924432	0.000000	0.013480	-0.008821
4935.370117	-49.242744	0.000000	0.010735	-0.008948
4940.129883	-45.648958	0.000000	0.007308	-0.008637
4944.870117	-32.687207	0.000000	0.005993	-0.003092
4949.600098	-21.260896	0.000000	0.003376	-0.001267
4954.310059	-25.439413	0.000000	0.001243	-0.004852
4959.010254	-37.883811	0.000000	-0.001588	-0.010615
4963.700195	-39.614305	0.000000	-0.005261	-0.013580
4968.370117	-33.275743	0.000000	-0.006576	-0.015418
4973.020020	-35.030460	0.000000	-0.006963	-0.016611
4977.660156	-28.786415	0.000000	-0.005856	-0.016620
4982.290039	-42.994432	0.000000	-0.011197	-0.023374
4986.899902	-78.587782	0.000000	-0.016364	-0.036341
4991.500000	-62.337979	0.000000	-0.016886	-0.034446
4996.080078	-37.230293	0.000000	-0.016847	-0.028075
41000.601562	-4.217378	0.000000	-0.016116	-0.016068
41005.199219	28.461494	0.000000	-0.022797	-0.011689
41009.699219	7.332603	0.000000	-0.040799	-0.031354
41014.199219	-45.614715	0.000000	-0.060655	-0.063955
41081.199219	-9.681385	0.000000	-0.089873	-0.083707
41086.601562	9.997333	0.000000	-0.091209	-0.077311
41092.000000	44.423952	0.000000	-0.066032	-0.041972
41097.300781	56.611635	0.000000	-0.034187	-0.004648
41102.699219	36.791785	0.000000	0.000168	0.022439
41108.101562	8.437928	0.000000	0.019874	0.034135
41113.398437	25.612813	0.000000	0.012317	0.031529
41118.699219	25.465700	0.000000	0.015673	0.035062
41124.000000	30.195164	0.000000	0.019599	0.039410
41129.300781	34.606956	0.000000	0.022254	0.041809
41134.601562	46.157862	0.000000	0.025037	0.045822
41139.898437	59.861669	0.000000	0.027640	0.050271
41145.199219	77.410632	0.000000	0.030306	0.055902
41150.398437	94.017716	0.000000	0.031893	0.060885
41155.699219	105.246054	0.000000	0.031544	0.063409
41160.898437	108.175762	0.000000	0.028851	0.061197
41166.199219	103.794656	0.000000	0.024837	0.056331
41171.398437	95.203690	0.000000	0.020743	0.049933
41176.601562	83.760727	0.000000	0.016831	0.043955
41181.800781	71.409257	0.000000	0.013335	0.038746
41187.000000	57.662059	0.000000	0.009336	0.033961
41192.199219	41.716853	0.000000	0.004889	0.027602
41197.398437	26.250792	0.000000	0.000591	0.021500
41202.500000	12.794097	0.000000	-0.003485	0.014823
41207.699219	-1.868807	0.000000	-0.007891	0.007417
41212.800781	-9.173886	0.000000	-0.011475	0.001762
41218.000000	-13.085554	0.000000	-0.014555	-0.001850
41223.101562	-16.357681	0.000000	-0.016773	-0.004554
41228.300781	-17.202717	0.000000	-0.017449	-0.004535
41233.398437	-18.669078	0.000000	-0.017440	-0.005077
41238.500000	-23.800827	0.000000	-0.017571	-0.005752
41243.601562	-28.736658	0.000000	-0.018418	-0.006663
41248.699219	-36.972986	0.000000	-0.019519	-0.008055
41253.800781	-48.811501	0.000000	-0.021007	-0.010655
41258.898437	-57.617570	0.000000	-0.021260	-0.011970
41263.898437	-63.882927	0.000000	-0.021060	-0.012890
41269.000000	-67.161557	0.000000	-0.020758	-0.013292
41274.101562	-71.336342	0.000000	-0.021154	-0.013938
41279.101562	-73.965685	0.000000	-0.020366	-0.013736
41284.199219	-80.021385	0.000000	-0.019689	-0.013938
41289.199219	-84.170505	0.000000	-0.018234	-0.013020
41294.300781	-87.711663	0.000000	-0.017312	-0.011444
41299.300781	-90.529021	0.000000	-0.016258	-0.011280
41304.300781	-95.155858	0.000000	-0.016228	-0.012165
41309.300781	-95.601196	0.000000	-0.015325	-0.012951
41314.300781	-94.780540	0.000000	-0.015421	-0.014632
41319.398437	-90.655195	0.000000	-0.015098	-0.015474
41324.398437	-85.370481	0.000000	-0.015057	-0.015544
41329.300781	-82.413130	0.000000	-0.014526	-0.016107
41334.300781	-83.006189	0.000000	-0.014629	-0.017016
41339.300781	-87.847784	0.000000	-0.014448	-0.018826
41344.300781	-96.290013	0.000000	-0.014989	-0.022418
41349.300781	-102.297622	0.000000	-0.015236	-0.025697
41354.199219	-104.299737	0.000000	-0.015770	-0.028551
41359.199219	-98.565880	0.000000	-0.016350	-0.030679
41364.101562	-93.236755	0.000000	-0.018474	-0.035358
41369.101562	-87.058418	0.000000	-0.021563	-0.041167
41374.000000	-84.630992	0.000000	-0.024426	-0.046933
41379.000000	-81.927798	0.000000	-0.026897	-0.051620
41383.898437	-76.838472	0.000000	-0.028999	-0.055273
41388.800781	-59.432028	0.000000	-0.031658	-0.058475
41393.800781	-41.411874	0.000000	-0.035142	-0.063577
41398.699219	-27.906578	0.000000	-0.039791	-0.069866
41403.601562	-22.550660	0.000000	-0.043151	-0.074137
41408.500000	-13.727181	0.000000	-0.044990	-0.075360
41413.398437	15.754029	0.000000	-0.044426	-0.072020
41418.300781	69.352677	0.000000	-0.044220	-0.066629
41423.199219	122.486851	0.000000	-0.043182	-0.058969
41428.101562	153.061519	0.000000	-0.040946	-0.049463
41432.898437	152.006058	0.000000	-0.035997	-0.038230
41437.800781	127.248191	0.000000	-0.029080	-0.025248
41442.699219	93.782383	0.000000	-0.020191	-0.012844
41447.500000	57.230218	0.000000	-0.012691	-0.004784
41452.398437	15.322507	0.000000	-0.006370	-0.001208
41457.300781	-23.285292	0.000000	-0.000829	0.001573
41462.101562	-54.974287	0.000000	0.003387	0.002743
41466.898437	-76.655243	0.000000	0.005593	0.003997
41471.800781	-86.317852	0.000000	0.006652	0.005366
41476.601562	-90.384397	0.000000	0.005615	0.005923
41481.398437	-91.031327	0.000000	0.004180	0.005008
41486.300781	-92.419454	0.000000	0.002048	0.003354
41491.101562	-89.267089	0.000000	0.000784	0.002436
41495.898437	-84.761574	0.000000	0.000002	0.002590
41500.699219	-73.449166	0.000000	0.000314	0.005667
41505.500000	-64.942987	0.000000	-0.000140	0.007889
41510.300781	-56.015184	0.000000	-0.000340	0.008667
41515.101562	-54.038211	0.000000	-0.001317	0.006617
41519.898437	-51.272078	0.000000	-0.002149	0.004138
41524.699219	-50.050980	0.000000	-0.003169	0.001912
41529.398437	-42.802065	0.000000	-0.004147	0.002273
41534.199219	-34.852698	0.000000	-0.005421	0.003147
41539.000000	-22.616539	0.000000	-0.006401	0.004646
41543.699219	-12.627067	0.000000	-0.006861	0.006328
41548.500000	-5.592732	0.000000	-0.007354	0.006043
41553.199219	-1.791424	0.000000	-0.007209	0.005863
41558.000000	2.408753	0.000000	-0.006966	0.005594
41562.699219	7.085612	0.000000	-0.006198	0.006962
41567.398437	18.164315	0.000000	-0.004613	0.010174
41572.101562	29.127414	0.000000	-0.002772	0.013481
41576.898437	39.292381	0.000000	-0.001166	0.015022
41581.601562	47.442134	0.000000	0.000552	0.017720
41586.300781	53.595985	0.000000	0.002034	0.019339
41591.000000	59.236296	0.000000	0.003833	0.022157
41595.699219	66.827152	0.000000	0.006111	0.025422
41600.398437	71.769697	0.000000	0.006809	0.026792
41605.101562	73.263161	0.000000	0.006911	0.025675
41609.699219	70.208560	0.000000	0.006543	0.024536
41614.398437	70.646383	0.000000	0.007394	0.024608
41619.101562	70.638178	0.000000	0.008248	0.025489
41623.699219	72.246779	0.000000	0.009520	0.026785
41628.398437	71.069249	0.000000	0.008662	0.025427
41633.000000	68.129044	0.000000	0.007470	0.021700
41637.699219	64.373404	0.000000	0.006526	0.017963
41642.300781	65.753718	0.000000	0.007435	0.017115
41646.898437	62.232353	0.000000	0.008408	0.015967
41651.500000	56.257934	0.000000	0.009489	0.015334
41656.199219	46.247054	0.000000	0.009873	0.013600
41660.800781	34.356422	0.000000	0.010315	0.011485
41665.398437	19.087441	0.000000	0.010104	0.008231
41670.000000	5.299457	0.000000	0.010078	0.006566
41674.500000	-10.146587	0.000000	0.009422	0.002860
41679.101562	-20.429316	0.000000	0.007932	-0.000567
41683.699219	-24.499063	0.000000	0.006416	-0.003878
41688.300781	-22.163680	0.000000	0.004556	-0.007057
41692.800781	-18.653022	0.000000	0.002489	-0.010361
41697.398437	-14.481183	0.000000	0.001188	-0.012513
41701.898437	-8.072687	0.000000	0.000403	-0.014585
41706.500000	-1.858379	0.000000	-0.000709	-0.015732
41711.000000	1.486026	0.000000	-0.001599	-0.017141
41715.500000	4.411907	0.000000	-0.003122	-0.019080
41720.000000	9.355142	0.000000	-0.004044	-0.019917
41724.601562	12.490025	0.000000	-0.004772	-0.020768
41729.101562	21.670528	0.000000	-0.004946	-0.020491
41733.601562	27.294704	0.000000	-0.005213	-0.020486
41738.101562	29.741278	0.000000	-0.005361	-0.020430
41742.500000	24.756324	0.000000	-0.005079	-0.021283
41747.000000	15.294533	0.000000	-0.004512	-0.022791
41751.500000	2.898098	0.000000	-0.003917	-0.023867
41755.898437	-3.993217	0.000000	-0.003261	-0.023604
41760.398437	-6.137082	0.000000	-0.001704	-0.022189
41764.800781	-1.139234	0.000000	-0.000087	-0.018914
41769.300781	6.129860	0.000000	0.002565	-0.014959
41773.699219	12.320493	0.000000	0.004923	-0.012123
41778.101562	18.844868	0.000000	0.006842	-0.008834
41782.500000	22.360351	0.000000	0.007667	-0.007487
41786.898437	23.824668	0.000000	0.008043	-0.006384
41791.300781	25.219674	0.000000	0.008645	-0.004570
41795.699219	28.320988	0.000000	0.008908	-0.003378
41800.101562	31.794663	0.000000	0.009430	-0.001394
41804.500000	36.018587	0.000000	0.009962	0.001176
41808.898437	38.880299	0.000000	0.010798	0.002289
41813.199219	46.175343	0.000000	0.011845	0.005115
41817.601562	54.635921	0.000000	0.013845	0.008771
41821.898437	67.508081	0.000000	0.015726	0.012198
41826.199219	72.366824	0.000000	0.017214	0.013985
41830.601562	74.850335	0.000000	0.017982	0.015501
41834.898437	77.882187	0.000000	0.018611	0.016293
41839.199219	82.503328	0.000000	0.018734	0.017317
41843.500000	85.927462	0.000000	0.018771	0.018137
41847.800781	92.929490	0.000000	0.019755	0.020727
41852.101562	86.636555	0.000000	0.019980	0.019568
41856.398437	82.038542	0.000000	0.020883	0.020492
41860.601562	72.471385	0.000000	0.020823	0.019529
41864.898437	61.799925	0.000000	0.020335	0.018537
41869.101562	50.665388	0.000000	0.020243	0.018853
41873.398437	44.787871	0.000000	0.020950	0.020868
41877.601562	30.242458	0.000000	0.021104	0.019475
41881.898437	16.251792	0.000000	0.022903	0.020016
41886.101562	-4.824423	0.000000	0.025506	0.019852
41890.300781	-24.155288	0.000000	0.030353	0.020473
41894.500000	-36.723086	0.000000	0.038613	0.022733
41898.699219	-29.488338	0.000000	0.048899	0.025691
41902.898437	0.188003	0.000000	0.058051	0.027916
41907.000000	61.312183	0.000000	0.065926	0.033609
41911.199219	140.880406	0.000000	0.070944	0.041781
41915.398437	218.427597	0.000000	0.073447	0.049536
41919.500000	268.074269	0.000000	0.074931	0.055629
41923.699219	278.815952	0.000000	0.077111	0.057571
41927.800781	255.466994	0.000000	0.078657	0.056440
41931.898437	220.027439	0.000000	0.081371	0.055328
41936.101562	178.270411	0.000000	0.084000	0.053449
41940.199219	145.399316	0.000000	0.086901	0.053332
41944.300781	115.269471	0.000000	0.088708	0.052494
41948.398437	92.948980	0.000000	0.090358	0.052172
41952.500000	75.909822	0.000000	0.090634	0.052236
41956.601562	68.552932	0.000000	0.091256	0.054154
41960.601562	59.648123	0.000000	0.091658	0.055157
41964.699219	55.483318	0.000000	0.091727	0.057472
41968.800781	49.902825	0.000000	0.091669	0.059277
41972.800781	45.819024	0.000000	0.090824	0.061578
41976.800781	41.823864	0.000000	0.089434	0.062596
41980.898437	35.516319	0.000000	0.087894	0.063411
41984.898437	28.368617	0.000000	0.086739	0.063687
41988.898437	21.056164	0.000000	0.084930	0.063772
41992.898437	13.964955	0.000000	0.083798	0.065058
41996.898437	4.364863	0.000000	0.081991	0.066132
42000.898437	-5.135438	0.000000	0.079632	0.065780
42004.898437	-20.500304	0.000000	0.076430	0.063537
42008.898437	-32.938668	0.000000	0.073080	0.061622
42012.898437	-43.147954	0.000000	0.069509	0.060500
42016.898437	-52.284781	0.000000	0.065316	0.058641
42020.800781	-56.049818	0.000000	0.061518	0.059033
42024.800781	-58.940136	0.000000	0.058405	0.058942
42028.699219	-67.392457	0.000000	0.055686	0.056645
42032.699219	-75.827022	0.000000	0.051582	0.053122
42036.601562	-82.812718	0.000000	0.047954	0.051678
42040.500000	-92.015536	0.000000	0.042788	0.047063
42044.398437	-95.172890	0.000000	0.038041	0.045519
42048.398437	-93.983933	0.000000	0.033716	0.044165
42052.300781	-99.166834	0.000000	0.029352	0.039973
42056.199219	-101.331770	0.000000	0.024397	0.034543
42060.101562	-107.279534	0.000000	0.020179	0.030361
42063.898437	-112.542349	0.000000	0.015911	0.025206
42067.800781	-115.629825	0.000000	0.012247	0.023421
42071.699219	-116.128947	0.000000	0.008148	0.021287
42075.601562	-113.324508	0.000000	0.003732	0.018896
42079.398437	-108.298553	0.000000	-0.000495	0.016032
42083.300781	-104.412889	0.000000	-0.004570	0.013295
42087.199219	-106.652311	0.000000	-0.009369	0.007501
42091.000000	-104.089833	0.000000	-0.012885	0.005657
42094.898437	-99.440304	0.000000	-0.016087	0.003680
42098.699219	-88.251419	0.000000	-0.018432	0.004963
42102.500000	-79.783118	0.000000	-0.020984	0.004950
42106.398437	-77.783640	0.000000	-0.024663	0.003134
42110.199219	-78.929703	0.000000	-0.028279	-0.002497
42114.000000	-82.459533	0.000000	-0.033575	-0.009006
42117.898437	-85.389907	0.000000	-0.037356	-0.016500
42121.699219	-83.099637	0.000000	-0.040027	-0.018638
42125.500000	-83.231630	0.000000	-0.042191	-0.022499
42129.300781	-80.600364	0.000000	-0.045048	-0.024188
42133.101562	-77.330576	0.000000	-0.048159	-0.027111
42136.898437	-78.987741	0.000000	-0.052928	-0.032954
42140.699219	-75.753315	0.000000	-0.055656	-0.037390
42144.500000	-69.156722	0.000000	-0.057758	-0.037405
42148.300781	-73.314958	0.000000	-0.060584	-0.042805
42152.101562	-64.796406	0.000000	-0.063668	-0.042720
42155.898437	-83.627965	0.000000	-0.069730	-0.056018
42159.699219	-72.639539	0.000000	-0.072849	-0.060345
42163.500000	-58.174725	0.000000	-0.076229	-0.066962
42167.300781	-21.965182	0.000000	-0.075721	-0.067668
42171.101562	-2.676294	0.000000	-0.079057	-0.075523
42174.898437	34.337211	0.000000	-0.079069	-0.077178
42178.601562	21.250530	0.000000	-0.081572	-0.094370
42182.398437	68.181425	0.000000	-0.078914	-0.091545
42186.199219	90.935398	0.000000	-0.074200	-0.093528
42190.000000	163.265175	0.000000	-0.070520	-0.086329
42193.800781	186.850261	0.000000	-0.072790	-0.092774
42197.601562	209.592956	0.000000	-0.077967	-0.106516
42201.398437	178.293629	0.000000	-0.082379	-0.136112
5415.859863	0.342272	0.000000	-0.002662	-0.002287
5421.859863	3.192389	0.000000	-0.007918	-0.005626
5427.859863	5.650349	0.000000	-0.010959	-0.006871
5433.850098	5.252013	0.000000	-0.010014	-0.005777
5439.819824	3.525193	0.000000	-0.005601	-0.002327
5445.779785	-1.808003	0.000000	0.001993	0.002461
5451.729980	-4.572258	0.000000	0.004744	0.003364
5457.669922	-2.126249	0.000000	0.002619	0.001421
5463.600098	-1.188778	0.000000	0.002078	0.000608
5469.510254	-1.099464	0.000000	0.001709	0.000086
5475.410156	-0.967012	0.000000	0.001639	0.000213
5481.299805	-1.760913	0.000000	0.001802	0.000647
5487.180176	-1.291132	0.000000	0.001691	0.001500
5493.049805	-0.946892	0.000000	0.001387	0.001504
5498.899902	-1.089457	0.000000	0.001202	0.001114
5504.750000	-1.916452	0.000000	0.000972	0.000600
5510.580078	-2.855741	0.000000	0.001085	0.000042
5516.399902	-1.891781	0.000000	0.001362	0.000122
5522.200195	-2.107253	0.000000	0.000929	-0.000378
5528.000000	-2.560033	0.000000	0.000544	-0.000907
5533.779785	-1.299198	0.000000	0.000713	-0.000244
5539.549805	-1.343291	0.000000	0.000999	0.000280
5545.310059	-1.303166	0.000000	0.001464	0.000856
5551.049805	-0.601300	0.000000	0.001802	0.001418
5556.779785	-1.151635	0.000000	0.001578	0.000976
5562.500000	-1.223640	0.000000	0.001088	0.000377
5568.209961	-0.913437	0.000000	0.000701	0.000137
5573.910156	-0.372918	0.000000	0.000666	0.000400
5579.589844	0.680104	0.000000	0.000837	0.000908
5585.260254	1.934377	0.000000	0.000880	0.001070
5590.919922	2.680718	0.000000	0.000834	0.001109
5596.569824	2.484468	0.000000	0.000624	0.001150
5602.200195	0.420495	0.000000	0.000383	0.000575
5607.819824	-1.553630	0.000000	0.000436	0.000251
5613.430176	-2.599830	0.000000	0.000463	-0.000045
5619.029785	-2.593340	0.000000	0.000391	-0.000484
5624.609863	-0.448814	0.000000	0.000458	0.000145
5630.180176	1.687781	0.000000	0.000573	0.001013
5635.739746	2.370145	0.000000	0.000815	0.001310
5641.279785	2.193749	0.000000	0.000583	0.001013
5646.819824	0.608266	0.000000	-0.000285	-0.000362
5652.339844	-1.134340	0.000000	-0.001184	-0.001804
5657.839844	-1.418527	0.000000	-0.001965	-0.002494
5663.339844	-1.252123	0.000000	-0.002083	-0.002504
5668.819824	-0.249614	0.000000	-0.001519	-0.001564
5674.290039	0.149533	0.000000	-0.001081	-0.000748
5679.739746	0.322246	0.000000	-0.000622	-0.000256
5685.180176	2.236414	0.000000	0.000061	0.000628
5690.609863	4.663781	0.000000	0.000509	0.001442
5696.029785	6.327939	0.000000	0.001010	0.002169
5701.430176	6.770697	0.000000	0.001078	0.002356
5706.819824	5.000361	0.000000	0.000449	0.001318
5712.200195	3.219662	0.000000	-0.000221	0.000140
5717.560059	2.629537	0.000000	-0.000601	-0.000378
5722.919922	2.728658	0.000000	-0.000702	-0.000294
5728.250000	2.318469	0.000000	-0.000518	-0.000085
5733.580078	1.435248	0.000000	-0.000210	0.000231
5738.890137	0.556839	0.000000	-0.000071	0.000227
5744.189941	0.172072	0.000000	-0.000010	0.000142
5749.470215	0.084835	0.000000	0.000241	0.000518
5754.739746	0.352748	0.000000	0.000714	0.001041
5760.000000	0.519395	0.000000	0.001014	0.001295
5765.239746	0.354404	0.000000	0.001135	0.001383
5770.470215	-0.617854	0.000000	0.000977	0.000814
5775.689941	-1.542539	0.000000	0.000435	-0.000062
5780.899902	-2.414005	0.000000	-0.000001	-0.000529
5786.089844	-3.007970	0.000000	-0.000030	-0.000748
5791.260254	-2.054922	0.000000	0.000186	-0.000258
5796.430176	-1.109771	0.000000	0.000284	0.000274
5801.580078	-1.421831	0.000000	0.000141	0.000274
5806.709961	-1.448059	0.000000	0.000015	0.000332
5811.839844	-1.086211	0.000000	-0.000102	0.000450
5816.939941	-0.352387	0.000000	0.000090	0.000717
5822.040039	0.129858	0.000000	0.000421	0.000880
5827.120117	0.867707	0.000000	0.000646	0.000911
5832.189941	0.533691	0.000000	0.000574	0.000682
5837.239746	-0.317694	0.000000	0.000527	0.000416
5842.279785	-0.802462	0.000000	0.000266	-0.000001
5847.310059	-1.788656	0.000000	-0.000068	-0.000756
5852.319824	-2.625066	0.000000	-0.000077	-0.001323
5857.319824	-1.803644	0.000000	0.000011	-0.001102
5862.299805	-1.154890	0.000000	0.000050	-0.000715
5867.270020	-1.821399	0.000000	0.000215	-0.000557
5872.229980	-1.720080	0.000000	0.000182	-0.000287
5877.169922	-1.549697	0.000000	-0.000130	-0.000392
5882.100098	-1.302604	0.000000	-0.000208	-0.000472
5887.010254	0.047733	0.000000	-0.000083	0.000157
5891.910156	0.661359	0.000000	-0.000139	0.000313
5896.799805	-0.798162	0.000000	-0.000289	-0.000581
5901.669922	-1.092975	0.000000	-0.000566	-0.001238
5906.529785	-0.974514	0.000000	-0.001081	-0.001660
5911.370117	-1.095007	0.000000	-0.001099	-0.001520
5916.200195	0.185646	0.000000	-0.000689	-0.000553
5921.010254	-0.138151	0.000000	-0.000580	-0.000480
5925.810059	-1.675316	0.000000	-0.000537	-0.000970
5930.600098	-0.906491	0.000000	-0.000430	-0.000496
5935.370117	0.472328	0.000000	-0.000607	0.000026
5940.129883	1.617386	0.000000	-0.000474	0.000576
5944.870117	2.408595	0.000000	-0.000391	0.000730
5949.600098	0.685872	0.000000	-0.000484	-0.000193
5954.310059	-1.595269	0.000000	-0.000488	-0.000918
5959.010254	-1.399111	0.000000	-0.000657	-0.000867
5963.700195	0.416573	0.000000	-0.000505	-0.000497
5968.370117	0.438678	0.000000	-0.000181	-0.000312
5973.020020	0.428593	0.000000	0.000074	-0.000118
5977.660156	-0.839598	0.000000	-0.000424	-0.000686
5982.290039	-4.959483	0.000000	-0.001043	-0.001960
5986.899902	-1.927802	0.000000	-0.000564	-0.001104
5991.500000	4.108725	0.000000	-0.000053	0.000816
5996.080078	5.768912	0.000000	0.000076	0.001820
51000.601562	6.503155	0.000000	-0.000601	0.001617
51005.199219	1.222452	0.000000	-0.002455	-0.001498
51009.699219	-7.472079	0.000000	-0.003796	-0.005252
51014.199219	-1.685041	0.000000	-0.004903	-0.005225
51081.199219	5.584535	0.000000	-0.003055	-0.001325
51086.601562	5.425879	0.000000	0.002383	0.004172
51092.000000	4.650622	0.000000	0.005699	0.007253
51097.300781	-0.819717	0.000000	0.006620	0.006426
51102.699219	-4.828716	0.000000	0.005401	0.003882
51108.101562	-1.128215	0.000000	0.001206	0.000913
51113.398437	1.689971	0.000000	-0.000426	0.000076
51118.699219	0.449720	0.000000	0.000727	0.000789
51124.000000	0.981511	0.000000	0.000665	0.000696
51129.300781	1.616599	0.000000	0.000546	0.000645
51134.601562	2.533532	0.000000	0.000540	0.000862
51139.898437	3.125755	0.000000	0.000522	0.001009
51145.199219	3.377522	0.000000	0.000424	0.001057
51150.398437	2.735221	0.000000	0.000120	0.000735
51155.699219	1.398500	0.000000	-0.000305	0.000025
51160.898437	-0.146060	0.000000	-0.000669	-0.000701
51166.199219	-1.316086	0.000000	-0.000811	-0.001129
51171.398437	-2.027523	0.000000	-0.000800	-0.001246
51176.601562	-2.371112	0.000000	-0.000741	-0.001113
51181.800781	-2.573980	0.000000	-0.000743	-0.000991
51187.000000	-3.066150	0.000000	-0.000852	-0.001145
51192.199219	-3.102907	0.000000	-0.000870	-0.001232
51197.398437	-2.850478	0.000000	-0.000842	-0.001266
51202.500000	-2.776809	0.000000	-0.000842	-0.001392
51207.699219	-2.142396	0.000000	-0.000792	-0.001295
51212.800781	-1.113157	0.000000	-0.000665	-0.000922
51218.000000	-0.700042	0.000000	-0.000527	-0.000617
51223.101562	-0.412425	0.000000	-0.000290	-0.000266
51228.300781	-0.216877	0.000000	-0.000065	-0.000036
51233.398437	-0.651298	0.000000	-0.000005	-0.000122
51238.500000	-0.935431	0.000000	-0.000087	-0.000131
51243.601562	-1.303803	0.000000	-0.000192	-0.000225
51248.699219	-1.985812	0.000000	-0.000260	-0.000381
51253.800781	-2.043070	0.000000	-0.000170	-0.000383
51258.898437	-1.512936	0.000000	0.000001	-0.000226
51263.898437	-0.960704	0.000000	0.000051	-0.000122
51269.000000	-0.767485	0.000000	-0.000017	-0.000117
51274.101562	-0.659285	0.000000	0.000036	-0.000044
51279.101562	-0.867298	0.000000	0.000138	-0.000008
51284.199219	-0.974178	0.000000	0.000213	0.000079
51289.199219	-0.749745	0.000000	0.000244	0.000259
51294.300781	-0.669817	0.000000	0.000198	0.000166
51299.300781	-0.741024	0.000000	0.000102	-0.000073
51304.300781	-0.514959	0.000000	0.000095	-0.000166
51309.300781	0.001291	0.000000	0.000077	-0.000257
51314.300781	0.467067	0.000000	0.000020	-0.000252
51319.398437	0.887180	0.000000	0.000038	-0.000102
51324.398437	0.782735	0.000000	0.000054	-0.000077
51329.300781	0.220660	0.000000	0.000050	-0.000153
51334.300781	-0.492585	0.000000	0.000017	-0.000244
51339.300781	-1.359907	0.000000	-0.000036	-0.000559
51344.300781	-1.428342	0.000000	-0.000080	-0.000690
51349.300781	-0.822607	0.000000	-0.000080	-0.000624
51354.199219	0.365575	0.000000	-0.000110	-0.000487
51359.199219	1.078852	0.000000	-0.000272	-0.000685
51364.101562	1.155091	0.000000	-0.000515	-0.001049
51369.101562	0.874584	0.000000	-0.000593	-0.001151
51374.000000	0.550239	0.000000	-0.000526	-0.001031
51379.000000	0.797863	0.000000	-0.000456	-0.000837
51383.898437	2.271219	0.000000	-0.000471	-0.000668
51388.800781	3.529662	0.000000	-0.000615	-0.000830
51393.800781	3.116717	0.000000	-0.000814	-0.001148
51398.699219	1.925459	0.000000	-0.000798	-0.001034
51403.601562	1.438956	0.000000	-0.000517	-0.000533
51408.500000	3.860735	0.000000	-0.000130	0.000216
51413.398437	8.322562	0.000000	0.000080	0.000877
51418.300781	10.657491	0.000000	0.000121	0.001297
51423.199219	8.320311	0.000000	0.000335	0.001702
51428.101562	2.884427	0.000000	0.000712	0.002051
51432.898437	-2.612991	0.000000	0.001190	0.002406
51437.800781	-5.853827	0.000000	0.001589	0.002530
51442.699219	-7.016948	0.000000	0.001638	0.002041
51447.500000	-7.825377	0.000000	0.001382	0.001170
51452.398437	-8.041156	0.000000	0.001189	0.000637
51457.300781	-7.063450	0.000000	0.000975	0.000393
51462.101562	-5.332947	0.000000	0.000645	0.000244
51466.898437	-3.106659	0.000000	0.000329	0.000269
51471.800781	-1.385864	0.000000	0.000006	0.000193
51476.601562	-0.475501	0.000000	-0.000242	-0.000036
51481.398437	-0.186946	0.000000	-0.000349	-0.000240
51486.300781	0.180891	0.000000	-0.000339	-0.000257
51491.101562	0.761474	0.000000	-0.000214	-0.000091
51495.898437	1.553967	0.000000	-0.000052	0.000313
51500.699219	1.966901	0.000000	-0.000012	0.000535
51505.500000	1.796779	0.000000	-0.000055	0.000314
51510.300781	1.014790	0.000000	-0.000116	-0.000153
51515.101562	0.457008	0.000000	-0.000185	-0.000474
51519.898437	0.434824	0.000000	-0.000187	-0.000456
51524.699219	0.880800	0.000000	-0.000184	-0.000163
51529.398437	1.459764	0.000000	-0.000227	0.000108
51534.199219	1.996294	0.000000	-0.000223	0.000224
51539.000000	2.207742	0.000000	-0.000137	0.000310
51543.699219	1.701413	0.000000	-0.000103	0.000142
51548.500000	1.070349	0.000000	-0.000042	-0.000071
51553.199219	0.815287	0.000000	0.000026	-0.000044
51558.000000	0.886692	0.000000	0.000100	0.000109
51562.699219	1.534191	0.000000	0.000233	0.000444
51567.398437	2.188580	0.000000	0.000328	0.000648
51572.101562	2.121754	0.000000	0.000341	0.000479
51576.898437	1.834944	0.000000	0.000331	0.000414
51581.601562	1.413844	0.000000	0.000314	0.000447
51586.300781	1.142209	0.000000	0.000319	0.000421
51591.000000	1.329750	0.000000	0.000413	0.000611
51595.699219	1.249331	0.000000	0.000295	0.000455
51600.398437	0.637375	0.000000	0.000080	0.000018
51605.101562	-0.116568	0.000000	-0.000035	-0.000224
51609.699219	-0.264117	0.000000	0.000048	-0.000108
51614.398437	0.042929	0.000000	0.000171	0.000091
51619.101562	0.166835	0.000000	0.000217	0.000225
51623.699219	0.090945	0.000000	0.000047	0.000009
51628.398437	-0.369225	0.000000	-0.000201	-0.000505
51633.000000	-0.653454	0.000000	-0.000204	-0.000748
51637.699219	-0.258223	0.000000	-0.000003	-0.000465
51642.300781	-0.229921	0.000000	0.000182	-0.000212
51646.898437	-0.904598	0.000000	0.000213	-0.000162
51651.500000	-1.623458	0.000000	0.000138	-0.000247
51656.199219	-2.218923	0.000000	0.000085	-0.000392
51660.800781	-2.730583	0.000000	0.000022	-0.000546
51665.398437	-2.877960	0.000000	-0.000023	-0.000475
51670.000000	-2.952696	0.000000	-0.000060	-0.000531
51674.500000	-2.594809	0.000000	-0.000221	-0.000730
51679.101562	-1.516824	0.000000	-0.000311	-0.000705
51683.699219	-0.200880	0.000000	-0.000329	-0.000647
51688.300781	0.546685	0.000000	-0.000399	-0.000658
51692.800781	0.697366	0.000000	-0.000348	-0.000567
51697.398437	1.067625	0.000000	-0.000206	-0.000417
51701.898437	1.246569	0.000000	-0.000202	-0.000325
51706.500000	0.962477	0.000000	-0.000199	-0.000262
51711.000000	0.580572	0.000000	-0.000250	-0.000358
51715.500000	0.774363	0.000000	-0.000255	-0.000290
51720.000000	0.864203	0.000000	-0.000158	-0.000153
51724.601562	1.220828	0.000000	-0.000094	-0.000060
51729.101562	1.465894	0.000000	-0.000044	0.000026
51733.601562	0.821142	0.000000	-0.000038	0.000019
51738.101562	-0.277659	0.000000	0.000017	-0.000090
51742.500000	-1.469247	0.000000	0.000074	-0.000243
51747.000000	-2.192507	0.000000	0.000118	-0.000258
51751.500000	-1.966826	0.000000	0.000125	-0.000095
51755.898437	-0.896293	0.000000	0.000224	0.000168
51760.398437	0.307723	0.000000	0.000320	0.000476
51764.800781	1.216138	0.000000	0.000426	0.000714
51769.300781	1.306816	0.000000	0.000501	0.000673
51773.699219	1.267853	0.000000	0.000436	0.000630
51778.101562	1.004782	0.000000	0.000266	0.000450
51782.500000	0.480003	0.000000	0.000119	0.000232
51786.898437	0.306456	0.000000	0.000096	0.000295
51791.300781	0.474315	0.000000	0.000088	0.000304
51795.699219	0.654074	0.000000	0.000075	0.000323
51800.101562	0.753414	0.000000	0.000103	0.000454
51804.500000	0.718705	0.000000	0.000133	0.000370
51808.898437	0.992964	0.000000	0.000184	0.000393
51813.199219	1.548495	0.000000	0.000316	0.000647
51817.601562	2.140865	0.000000	0.000377	0.000712
51821.898437	1.748851	0.000000	0.000357	0.000522
51826.199219	0.685522	0.000000	0.000220	0.000318
51830.601562	0.566030	0.000000	0.000132	0.000239
51834.898437	0.728201	0.000000	0.000079	0.000172
51839.199219	0.838274	0.000000	0.000014	0.000193
51843.500000	1.069609	0.000000	0.000096	0.000345
51847.800781	0.078868	0.000000	0.000128	0.000152
51852.101562	-0.986326	0.000000	0.000122	0.000018
51856.398437	-1.345292	0.000000	0.000101	0.000023
51860.601562	-2.019716	0.000000	-0.000055	-0.000198
51864.898437	-2.219181	0.000000	-0.000052	-0.000082
51869.101562	-1.744790	0.000000	0.000058	0.000216
51873.398437	-2.033302	0.000000	0.000084	0.000056
51877.601562	-2.828488	0.000000	0.000199	-0.000074
51881.898437	-3.544274	0.000000	0.000427	0.000021
51886.101562	-4.023437	0.000000	0.000758	0.000051
51890.300781	-3.163960	0.000000	0.001325	0.000310
51894.500000	-0.535999	0.000000	0.001854	0.000520
51898.699219	3.685780	0.000000	0.001941	0.000503
51902.898437	9.083212	0.000000	0.001696	0.000790
51907.000000	14.072436	0.000000	0.001292	0.001371
51911.199219	15.699220	0.000000	0.000743	0.001574
51915.398437	12.731321	0.000000	0.000397	0.001385
51919.500000	6.066494	0.000000	0.000375	0.000812
51923.699219	-1.236382	0.000000	0.000371	0.000085
51927.800781	-5.927102	0.000000	0.000419	-0.000237
51931.898437	-7.656541	0.000000	0.000536	-0.000270
51936.101562	-7.464503	0.000000	0.000553	-0.000204
51940.199219	-6.286226	0.000000	0.000472	-0.000092
51944.300781	-5.234051	0.000000	0.000344	-0.000116
51948.398437	-3.950806	0.000000	0.000189	-0.000036
51952.500000	-2.403981	0.000000	0.000091	0.000199
51956.601562	-1.602290	0.000000	0.000105	0.000307
51960.601562	-1.286412	0.000000	0.000049	0.000332
51964.699219	-0.978299	0.000000	-0.000001	0.000393
51968.800781	-0.982937	0.000000	-0.000091	0.000408
51972.800781	-0.796483	0.000000	-0.000226	0.000338
51976.800781	-0.995057	0.000000	-0.000288	0.000188
51980.898437	-1.304682	0.000000	-0.000259	0.000121
51984.898437	-1.459432	0.000000	-0.000294	0.000050
51988.898437	-1.473896	0.000000	-0.000292	0.000127
51992.898437	-1.648078	0.000000	-0.000294	0.000238
51996.898437	-1.917927	0.000000	-0.000418	0.000078
52000.898437	-2.481736	0.000000	-0.000551	-0.000249
52004.898437	-2.775215	0.000000	-0.000658	-0.000420
52008.898437	-2.205257	0.000000	-0.000691	-0.000295
52012.898437	-1.907406	0.000000	-0.000782	-0.000295
52016.898437	-1.327176	0.000000	-0.000801	-0.000165
52020.800781	-0.615659	0.000000	-0.000693	0.000044
52024.800781	-1.163365	0.000000	-0.000585	-0.000249
52028.699219	-1.650764	0.000000	-0.000685	-0.000572
52032.699219	-1.589609	0.000000	-0.000780	-0.000507
52036.601562	-1.641648	0.000000	-0.000878	-0.000609
52040.500000	-1.235977	0.000000	-0.001010	-0.000627
52044.398437	-0.190556	0.000000	-0.000906	-0.000285
52048.398437	-0.431852	0.000000	-0.000882	-0.000567
52052.300781	-0.715730	0.000000	-0.000946	-0.000974
52056.199219	-0.858391	0.000000	-0.000923	-0.000970
52060.101562	-1.115951	0.000000	-0.000846	-0.000933
52063.898437	-0.842060	0.000000	-0.000797	-0.000702
52067.800781	-0.334228	0.000000	-0.000775	-0.000387
52071.699219	0.236540	0.000000	-0.000852	-0.000452
52075.601562	0.787649	0.000000	-0.000860	-0.000511
52079.398437	0.908755	0.000000	-0.000835	-0.000554
52083.300781	0.153276	0.000000	-0.000888	-0.000847
52087.199219	0.009458	0.000000	-0.000843	-0.000778
52091.000000	0.721753	0.000000	-0.000665	-0.000389
52094.898437	1.533774	0.000000	-0.000562	-0.000088
52098.699219	2.025040	0.000000	-0.000484	0.000145
52102.500000	0.999077	0.000000	-0.000624	-0.000203
52106.398437	0.098454	0.000000	-0.000728	-0.000744
52110.199219	-0.481999	0.000000	-0.000890	-0.001214
52114.000000	-0.639974	0.000000	-0.000907	-0.001392
52117.898437	-0.021055	0.000000	-0.000629	-0.000931
52121.699219	0.199103	0.000000	-0.000484	-0.000605
52125.500000	0.201888	0.000000	-0.000499	-0.000558
52129.300781	0.565672	0.000000	-0.000594	-0.000481
52133.101562	0.148965	0.000000	-0.000786	-0.000881
52136.898437	0.157096	0.000000	-0.000746	-0.001021
52140.699219	0.952397	0.000000	-0.000493	-0.000462
52144.500000	0.204696	0.000000	-0.000501	-0.000559
52148.300781	0.474614	0.000000	-0.000588	-0.000512
52152.101562	-1.056772	0.000000	-0.000918	-0.001333
52155.898437	-0.803234	0.000000	-0.000921	-0.001762
52159.699219	2.557134	0.000000	-0.000658	-0.001104
52163.500000	5.060974	0.000000	-0.000296	-0.000733
52167.300781	5.582171	0.000000	-0.000278	-0.000851
52171.101562	5.571917	0.000000	-0.000334	-0.000950
52174.898437	2.441330	0.000000	-0.000247	-0.001870
52178.601562	3.330586	0.000000	0.000010	-0.001453
52182.398437	6.970515	0.000000	0.000733	0.000086
52186.199219	9.513308	0.000000	0.000841	0.000518
52190.000000	9.602389	0.000000	0.000144	0.000076
52193.800781	4.630996	0.000000	-0.000745	-0.002022
52197.601562	-0.851831	0.000000	-0.000960	-0.004335
52201.398437	-3.117285	0.000000	-0.000426	-0.002944
6415.859863	0.330194	0.000000	-0.000513	-0.000315
6421.859863	0.544928	0.000000	-0.000824	-0.000451
6427.859863	0.239101	0.000000	-0.000209	-0.000009
6433.850098	-0.172618	0.000000	0.000545	0.000453
6439.819824	-0.657341	0.000000	0.001206	0.000830
6445.779785	-0.844722	0.000000	0.001027	0.000556
6451.729980	-0.003797	0.000000	0.000067	-0.000095
6457.669922	0.379846	0.000000	-0.000270	-0.000272
6463.600098	0.113568	0.000000	-0.000081	-0.000124
6469.510254	0.040572	0.000000	-0.000045	-0.000039
6475.410156	-0.093096	0.000000	0.000004	0.000041
6481.299805	-0.009654	0.000000	0.000004	0.000135
6487.180176	0.047181	0.000000	-0.000054	0.000074
6493.049805	0.020486	0.000000	-0.000050	-0.000042
6498.899902	-0.098219	0.000000	-0.000040	-0.000088
6504.750000	-0.156090	0.000000	-0.000009	-0.000096
6510.580078	0.008058	0.000000	0.000042	-0.000035
6516.399902	0.106351	0.000000	-0.000008	-0.000019
6522.200195	-0.093503	0.000000	-0.000088	-0.000115
6528.000000	0.058693	0.000000	-0.000032	-0.000001
6533.779785	0.133256	0.000000	0.000038	0.000112
6539.549805	-0.005676	0.000000	0.000071	0.000109
6545.310059	0.094429	0.000000	0.000079	0.000118
6551.049805	-0.010410	0.000000	0.000019	0.000010
6556.779785	-0.053482	0.000000	-0.000072	-0.000100
6562.500000	0.017425	0.000000	-0.000088	-0.000086
6568.209961	0.059796	0.000000	-0.000045	-0.000006
6573.910156	0.117167	0.000000	0.000006	0.000069
6579.589844	0.180136	0.000000	0.000009	0.000051
6585.260254	0.209133	0.000000	0.000003	0.000027
6590.919922	0.013260	0.000000	-0.000024	-0.000002
6596.569824	-0.238237	0.000000	-0.000044	-0.000043
6602.200195	-0.416522	0.000000	-0.000015	-0.000085
6607.819824	-0.276725	0.000000	0.000013	-0.000062
6613.430176	-0.071857	0.000000	-0.000008	-0.000062
6619.029785	0.216238	0.000000	0.000006	0.000019
6624.609863	0.446162	0.000000	0.000026	0.000148
6630.180176	0.256639	0.000000	0.000040	0.000106
6635.739746	0.057164	0.000000	-0.000007	-0.000008
6641.279785	-0.169824	0.000000	-0.000103	-0.000167
6646.819824	-0.342869	0.000000	-0.000169	-0.000279
6652.339844	-0.245982	0.000000	-0.000186	-0.000227
6657.839844	-0.013629	0.000000	-0.000099	-0.000078
6663.339844	0.139255	0.000000	0.000036	0.000090
6668.819824	0.103334	0.000000	0.000088	0.000151
6674.290039	0.077011	0.000000	0.000099	0.000139
6679.739746	0.220236	0.000000	0.000115	0.000143
6685.180176	0.424132	0.000000	0.000117	0.000170
6690.609863	0.423217	0.000000	0.000102	0.000158
6696.029785	0.194302	0.000000	0.000053	0.000087
6701.430176	-0.114070	0.000000	-0.000053	-0.000076
6706.819824	-0.356419	0.000000	-0.000140	-0.000224
6712.200195	-0.255188	0.000000	-0.000106	-0.000174
6717.560059	-0.029312	0.000000	-0.000045	-0.000040
6722.919922	0.026836	0.000000	0.000023	0.000053
6728.250000	-0.122936	0.000000	0.000039	0.000046
6733.580078	-0.161197	0.000000	0.000052	0.000043
6738.890137	-0.150315	0.000000	0.000011	-0.000020
6744.189941	-0.026519	0.000000	0.000038	0.000043
6749.470215	0.030312	0.000000	0.000071	0.000095
6754.739746	0.069930	0.000000	0.000072	0.000074
6760.000000	-0.002655	0.000000	0.000040	0.000029
6765.239746	-0.071338	0.000000	-0.000005	-0.000026
6770.470215	-0.204510	0.000000	-0.000072	-0.000155
6775.689941	-0.202295	0.000000	-0.000104	-0.000143
6780.899902	-0.104412	0.000000	-0.000043	-0.000049
6786.089844	0.019308	0.000000	0.000022	0.000033
6791.260254	0.200818	0.000000	0.000034	0.000112
6796.430176	0.065642	0.000000	-0.000011	0.000045
6801.580078	-0.032416	0.000000	-0.000024	0.000005
6806.709961	0.039318	0.000000	-0.000034	0.000018
6811.839844	0.110429	0.000000	0.000006	0.000042
6816.939941	0.113512	0.000000	0.000056	0.000041
6822.040039	0.136801	0.000000	0.000073	0.000038
6827.120117	0.068826	0.000000	0.000020	-0.000008
6832.189941	-0.147350	0.000000	-0.000009	-0.000062
6837.239746	-0.192808	0.000000	-0.000044	-0.000090
6842.279785	-0.115601	0.000000	-0.000051	-0.000106
6847.310059	-0.209024	0.000000	-0.000041	-0.000139
6852.319824	-0.017641	0.000000	-0.000002	-0.000046
6857.319824	0.157747	0.000000	0.000018	0.000062
6862.299805	0.001858	0.000000	0.000027	0.000055
6867.270020	-0.044168	0.000000	0.000009	0.000046
6872.229980	0.024397	0.000000	-0.000030	0.000024
6877.169922	0.090227	0.000000	-0.000029	-0.000005
6882.100098	0.171531	0.000000	0.000008	0.000058
6887.010254	0.217388	0.000000	0.000005	0.000072
6891.910156	-0.022271	0.000000	-0.000015	-0.000055
6896.799805	-0.169243	0.000000	-0.000042	-0.000141
6901.669922	-0.013884	0.000000	-0.000074	-0.000096
6906.529785	0.040439	0.000000	-0.000054	-0.000012
6911.370117	0.109919	0.000000	0.000039	0.000114
6916.200195	0.049712	0.000000	0.000046	0.000096
6921.010254	-0.102212	0.000000	0.000024	-0.000002
6925.810059	-0.057706	0.000000	0.000019	0.000011
6930.600098	0.264522	0.000000	0.000004	0.000109
6935.370117	0.220868	0.000000	-0.000002	0.000084
6940.129883	0.178213	0.000000	0.000018	0.000060
6944.870117	-0.076293	0.000000	-0.000001	-0.000072
6949.600098	-0.409774	0.000000	0.000001	-0.000165
6954.310059	-0.221800	0.000000	-0.000018	-0.000070
6959.010254	0.236099	0.000000	0.000010	0.000054
6963.700195	0.173058	0.000000	0.000039	0.000046
6968.370117	-0.011585	0.000000	0.000061	0.000029
6973.020020	-0.117293	0.000000	-0.000030	-0.000051
6977.660156	-0.521349	0.000000	-0.000114	-0.000184
6982.290039	-0.153927	0.000000	-0.000021	-0.000055
6986.899902	0.918814	0.000000	0.000092	0.000270
6991.500000	0.782947	0.000000	0.000060	0.000302
6996.080078	0.257606	0.000000	-0.000059	0.000081
61000.601562	-0.451688	0.000000	-0.000250	-0.000340
61005.199219	-1.382011	0.000000	-0.000328	-0.000675
61009.699219	-0.307180	0.000000	-0.000251	-0.000380
61014.199219	1.289820	0.000000	0.000080	0.000400
61081.199219	0.726805	0.000000	0.000728	0.000935
61086.601562	-0.088430	0.000000	0.000870	0.000847
61092.000000	-0.629528	0.000000	0.000423	0.000222
61097.300781	-0.919074	0.000000	-0.000028	-0.000330
61102.699219	-0.063752	0.000000	-0.000541	-0.000567
61108.101562	0.612409	0.000000	-0.000581	-0.000387
61113.398437	0.157299	0.000000	-0.000045	-0.000009
61118.699219	-0.093204	0.000000	0.000105	0.000054
61124.000000	0.189129	0.000000	-0.000018	0.000000
61129.300781	0.116978	0.000000	-0.000015	0.000005
61134.601562	0.149097	0.000000	-0.000004	0.000029
61139.898437	0.036227	0.000000	-0.000012	0.000007
61145.199219	-0.024727	0.000000	-0.000043	-0.000026
61150.398437	-0.252445	0.000000	-0.000079	-0.000114
61155.699219	-0.308401	0.000000	-0.000083	-0.000146
61160.898437	-0.276236	0.000000	-0.000058	-0.000117
61166.199219	-0.139064	0.000000	-0.000008	-0.000040
61171.398437	-0.116150	0.000000	0.000001	-0.000022
61176.601562	-0.062879	0.000000	-0.000001	0.000025
61181.800781	-0.055731	0.000000	-0.000012	0.000004
61187.000000	-0.041745	0.000000	-0.000011	-0.000015
61192.199219	0.020218	0.000000	-0.000001	-0.000010
61197.398437	0.065747	0.000000	0.000012	-0.000004
61202.500000	0.138508	0.000000	0.000013	0.000023
61207.699219	0.179541	0.000000	0.000020	0.000044
61212.800781	0.147077	0.000000	0.000025	0.000058
61218.000000	0.070442	0.000000	0.000039	0.000056
61223.101562	0.051561	0.000000	0.000051	0.000063
61228.300781	0.008496	0.000000	0.000032	0.000025
61233.398437	-0.121662	0.000000	-0.000011	-0.000024
61238.500000	-0.074927	0.000000	-0.000024	-0.000010
61243.601562	-0.102791	0.000000	-0.000023	-0.000032
61248.699219	-0.055856	0.000000	0.000010	-0.000006
61253.800781	0.063461	0.000000	0.000035	0.000035
61258.898437	0.103139	0.000000	0.000021	0.000021
61263.898437	0.112000	0.000000	0.000005	0.000017
61269.000000	0.029475	0.000000	-0.000003	0.000007
61274.101562	-0.027650	0.000000	0.000007	0.000008
61279.101562	-0.022489	0.000000	0.000016	0.000011
61284.199219	-0.018609	0.000000	0.000009	0.000016
61289.199219	0.004217	0.000000	-0.000007	0.000004
61294.300781	0.009542	0.000000	-0.000004	-0.000029
61299.300781	0.018560	0.000000	-0.000007	-0.000028
61304.300781	0.086584	0.000000	-0.000007	-0.000023
61309.300781	0.106428	0.000000	-0.000004	-0.000001
61314.300781	0.038028	0.000000	-0.000008	-0.000003
61319.398437	0.031782	0.000000	0.000005	0.000020
61324.398437	-0.072873	0.000000	0.000000	-0.000017
61329.300781	-0.153562	0.000000	-0.000014	-0.000025
61334.300781	-0.144892	0.000000	-0.000010	-0.000045
61339.300781	-0.125953	0.000000	-0.000017	-0.000057
61344.300781	0.081205	0.000000	-0.000005	0.000005
61349.300781	0.181509	0.000000	0.000005	0.000020
61354.199219	0.202081	0.000000	-0.000019	0.000002
61359.199219	0.058367	0.000000	-0.000057	-0.000077
61364.101562	0.059634	0.000000	-0.000023	-0.000021
61369.101562	-0.096946	0.000000	-0.000000	-0.000010
61374.000000	-0.010821	0.000000	0.000007	0.000022
61379.000000	0.227659	0.000000	0.000008	0.000059
61383.898437	0.295501	0.000000	-0.000011	0.000008
61388.800781	0.061713	0.000000	-0.000031	-0.000056
61393.800781	-0.196804	0.000000	-0.000027	-0.000032
61398.699219	-0.118767	0.000000	0.000033	0.000079
61403.601562	0.192680	0.000000	0.000063	0.000122
61408.500000	0.703390	0.000000	0.000057	0.000153
61413.398437	0.680392	0.000000	0.000030	0.000106
61418.300781	0.007952	0.000000	0.000036	0.000084
61423.199219	-0.839705	0.000000	0.000049	0.000062
61428.101562	-1.105562	0.000000	0.000089	0.000061
61432.898437	-0.873681	0.000000	0.000087	0.000041
61437.800781	-0.426121	0.000000	0.000052	-0.000036
61442.699219	-0.230019	0.000000	-0.000025	-0.000154
61447.500000	-0.129696	0.000000	-0.000041	-0.000146
61452.398437	0.075330	0.000000	-0.000041	-0.000086
61457.300781	0.319619	0.000000	-0.000053	-0.000034
61462.101562	0.417471	0.000000	-0.000054	-0.000007
61466.898437	0.415587	0.000000	-0.000051	0.000001
61471.800781	0.298824	0.000000	-0.000055	-0.000019
61476.601562	0.132482	0.000000	-0.000033	-0.000036
61481.398437	0.099658	0.000000	-0.000009	-0.000012
61486.300781	0.068733	0.000000	0.000014	0.000004
61491.101562	0.155462	0.000000	0.000029	0.000056
61495.898437	0.127583	0.000000	0.000019	0.000055
61500.699219	0.013003	0.000000	0.000007	0.000011
61505.500000	-0.073323	0.000000	-0.000017	-0.000060
61510.300781	-0.185783	0.000000	-0.000015	-0.000098
61515.101562	-0.077149	0.000000	-0.000009	-0.000030
61519.898437	0.075358	0.000000	0.000010	0.000043
61524.699219	0.069402	0.000000	-0.000003	0.000039
61529.398437	0.115893	0.000000	-0.000003	0.000039
61534.199219	0.059391	0.000000	0.000009	0.000025
61539.000000	-0.054169	0.000000	0.000016	-0.000010
61543.699219	-0.097412	0.000000	0.000017	-0.000033
61548.500000	-0.114109	0.000000	0.000016	-0.000037
61553.199219	-0.021406	0.000000	0.000015	0.000010
61558.000000	0.013630	0.000000	0.000013	0.000029
61562.699219	0.109146	0.000000	0.000020	0.000046
61567.398437	0.067881	0.000000	0.000005	0.000006
61572.101562	0.006610	0.000000	0.000006	-0.000006
61576.898437	-0.121069	0.000000	-0.000014	-0.000031
61581.601562	-0.054048	0.000000	0.000003	-0.000009
61586.300781	0.000164	0.000000	0.000010	0.000033
61591.000000	-0.011278	0.000000	-0.000018	-0.000011
61595.699219	-0.082820	0.000000	-0.000029	-0.000059
61600.398437	-0.130574	0.000000	-0.000037	-0.000063
61605.101562	-0.151802	0.000000	-0.000007	-0.000035
61609.699219	0.015574	0.000000	0.000012	0.000028
61614.398437	0.068167	0.000000	0.000020	0.000032
61619.101562	-0.011409	0.000000	-0.000008	-0.000012
61623.699219	-0.054653	0.000000	-0.000046	-0.000064
61628.398437	-0.112060	0.000000	-0.000029	-0.000084
61633.000000	0.010405	0.000000	0.000012	-0.000003
61637.699219	0.025238	0.000000	0.000033	0.000050
61642.300781	-0.094471	0.000000	0.000016	0.000022
61646.898437	-0.150004	0.000000	0.000006	0.000002
61651.500000	-0.119931	0.000000	-0.000003	-0.000017
61656.199219	-0.121037	0.000000	-0.000013	-0.000028
61660.800781	-0.141804	0.000000	-0.000016	-0.000032
61665.398437	-0.037361	0.000000	-0.000007	-0.000004
61670.000000	0.043300	0.000000	-0.000020	-0.000023
61674.500000	0.167148	0.000000	-0.000026	-0.000013
61679.101562	0.230940	0.000000	-0.000018	-0.000001
61683.699219	0.204104	0.000000	-0.000010	0.000001
61688.300781	0.107637	0.000000	0.000003	0.000004
61692.800781	0.076061	0.000000	0.000017	0.000024
61697.398437	0.010847	0.000000	0.000019	0.000018
61701.898437	-0.031512	0.000000	-0.000001	0.000019
61706.500000	-0.031019	0.000000	0.000002	0.000001
61711.000000	-0.041295	0.000000	-0.000002	-0.000013
61715.500000	0.035874	0.000000	0.000018	0.000028
61720.000000	0.024077	0.000000	0.000011	0.000017
61724.601562	0.108628	0.000000	0.000019	0.000029
61729.101562	-0.080111	0.000000	-0.000001	-0.000013
61733.601562	-0.175657	0.000000	0.000013	-0.000013
61738.101562	-0.187221	0.000000	0.000011	-0.000017
61742.500000	-0.187919	0.000000	0.000009	-0.000014
61747.000000	-0.068960	0.000000	0.000002	0.000006
61751.500000	0.100657	0.000000	0.000019	0.000033
61755.898437	0.220906	0.000000	0.000020	0.000043
61760.398437	0.220357	0.000000	0.000029	0.000068
61764.800781	0.088346	0.000000	0.000017	0.000012
61769.300781	0.014998	0.000000	-0.000011	-0.000016
61773.699219	-0.082412	0.000000	-0.000027	-0.000034
61778.101562	-0.090863	0.000000	-0.000038	-0.000042
61782.500000	-0.093924	0.000000	-0.000017	-0.000020
61786.898437	0.018261	0.000000	-0.000005	0.000016
61791.300781	0.053783	0.000000	-0.000006	-0.000001
61795.699219	0.043190	0.000000	0.000015	0.000025
61800.101562	-0.037608	0.000000	0.000010	-0.000006
61804.500000	0.035281	0.000000	0.000011	-0.000006
61808.898437	0.146461	0.000000	0.000022	0.000046
61813.199219	0.094364	0.000000	0.000009	0.000021
61817.601562	0.010370	0.000000	0.000003	-0.000011
61821.898437	-0.139144	0.000000	-0.000010	-0.000029
61826.199219	-0.149197	0.000000	-0.000025	-0.000035
61830.601562	-0.033770	0.000000	-0.000024	-0.000027
61834.898437	0.026832	0.000000	-0.000007	0.000002
61839.199219	0.003611	0.000000	0.000007	0.000009
61843.500000	-0.118843	0.000000	0.000008	-0.000023
61847.800781	-0.187401	0.000000	0.000004	-0.000028
61852.101562	-0.146001	0.000000	-0.000001	-0.000010
61856.398437	-0.131783	0.000000	-0.000031	-0.000029
61860.601562	-0.053876	0.000000	-0.000020	0.000003
61864.898437	0.015781	0.000000	0.000006	0.000036
61869.101562	0.016799	0.000000	0.000016	0.000013
61873.398437	-0.146757	0.000000	0.000006	-0.000051
61877.601562	-0.171097	0.000000	0.000039	-0.000001
61881.898437	-0.108783	0.000000	0.000056	0.000005
61886.101562	0.042016	0.000000	0.000086	0.000019
61890.300781	0.396885	0.000000	0.000113	0.000067
61894.500000	0.693245	0.000000	0.000067	0.000024
61898.699219	0.963466	0.000000	-0.000013	0.000035
61902.898437	0.999467	0.000000	-0.000068	0.000081
61907.000000	0.654799	0.000000	-0.000090	0.000087
61911.199219	-0.148743	0.000000	-0.000091	0.000003
61915.398437	-0.967824	0.000000	-0.000037	-0.000078
61919.500000	-1.380059	0.000000	0.000009	-0.000116
61923.699219	-1.156421	0.000000	-0.000008	-0.000105
61927.800781	-0.662624	0.000000	0.000012	-0.000037
61931.898437	-0.163196	0.000000	0.000012	-0.000006
61936.101562	0.151849	0.000000	-0.000015	0.000010
61940.199219	0.204915	0.000000	-0.000022	0.000007
61944.300781	0.210430	0.000000	-0.000039	-0.000004
61948.398437	0.287054	0.000000	-0.000012	0.000039
61952.500000	0.216197	0.000000	-0.000011	0.000029
61956.601562	0.077868	0.000000	-0.000011	-0.000006
61960.601562	0.072222	0.000000	-0.000013	0.000014
61964.699219	0.054161	0.000000	-0.000012	0.000015
61968.800781	0.048199	0.000000	-0.000027	-0.000012
61972.800781	-0.016808	0.000000	-0.000022	-0.000037
61976.800781	-0.017420	0.000000	-0.000006	-0.000008
61980.898437	-0.057879	0.000000	-0.000009	-0.000030
61984.898437	-0.065009	0.000000	0.000004	-0.000006
61988.898437	-0.022359	0.000000	0.000005	0.000034
61992.898437	-0.055673	0.000000	-0.000009	-0.000007
61996.898437	-0.050094	0.000000	-0.000012	-0.000040
62000.898437	-0.080895	0.000000	-0.000017	-0.000049
62004.898437	-0.013623	0.000000	-0.000017	-0.000001
62008.898437	0.135274	0.000000	-0.000006	0.000025
62012.898437	0.087655	0.000000	-0.000021	0.000015
62016.898437	0.164363	0.000000	0.000008	0.000044
62020.800781	0.015327	0.000000	0.000015	-0.000010
62024.800781	-0.040262	0.000000	0.000018	-0.000037
62028.699219	-0.040513	0.000000	-0.000017	-0.000022
62032.699219	-0.019214	0.000000	-0.000024	-0.000004
62036.601562	0.026000	0.000000	-0.000023	-0.000005
62040.500000	0.147302	0.000000	-0.000003	0.000037
62044.398437	0.054121	0.000000	-0.000002	-0.000012
62048.398437	-0.008887	0.000000	-0.000001	-0.000056
62052.300781	-0.061111	0.000000	-0.000004	-0.000047
62056.199219	-0.045805	0.000000	0.000000	-0.000011
62060.101562	0.016444	0.000000	0.000011	0.000024
62063.898437	0.100988	0.000000	0.000005	0.000063
62067.800781	0.101961	0.000000	-0.000005	0.000028
62071.699219	0.117819	0.000000	-0.000002	-0.000010
62075.601562	0.012146	0.000000	-0.000006	-0.000025
62079.398437	-0.004224	0.000000	0.000002	-0.000014
62083.300781	-0.076718	0.000000	0.000003	-0.000010
62087.199219	0.032747	0.000000	0.000025	0.000053
62091.000000	0.142363	0.000000	0.000032	0.000067
62094.898437	0.160200	0.000000	0.000031	0.000070
62098.699219	-0.030711	0.000000	0.000004	0.000001
62102.500000	-0.217408	0.000000	-0.000029	-0.000098
62106.398437	-0.143041	0.000000	-0.000031	-0.000102
62110.199219	-0.063505	0.000000	-0.000021	-0.000053
62114.000000	0.002789	0.000000	0.000015	0.000016
62117.898437	0.057206	0.000000	0.000036	0.000065
62121.699219	-0.003677	0.000000	0.000006	0.000014
62125.500000	0.053824	0.000000	-0.000014	0.000012
62129.300781	-0.018787	0.000000	-0.000033	-0.000029
62133.101562	-0.051310	0.000000	-0.000016	-0.000049
62136.898437	0.075740	0.000000	0.000030	0.000041
62140.699219	0.046900	0.000000	0.000029	0.000056
62144.500000	-0.068755	0.000000	-0.000008	-0.000016
62148.300781	-0.107011	0.000000	-0.000041	-0.000073
62152.101562	-0.054254	0.000000	-0.000032	-0.000101
62155.898437	0.381912	0.000000	0.000030	0.000037
62159.699219	0.606060	0.000000	0.000065	0.000100
62163.500000	0.279914	0.000000	0.000035	0.000015
62167.300781	0.022325	0.000000	-0.000007	-0.000041
62171.101562	-0.317154	0.000000	0.000003	-0.000102
62174.898437	-0.196212	0.000000	0.000032	-0.000045
62178.601562	0.482943	0.000000	0.000106	0.000200
62182.398437	0.603259	0.000000	0.000086	0.000190
62186.199219	0.278263	0.000000	-0.000054	0.000003
62190.000000	-0.509076	0.000000	-0.000155	-0.000249
62193.800781	-1.029674	0.000000	-0.000097	-0.000434
62197.601562	-0.774915	0.000000	0.000021	-0.000085
62201.398437	-0.216958	0.000000	0.000049	0.000141
