Lambda	b	b0	p	w
3415.860107	-87.181035	-0.000012	-0.055107	0.006207
3421.860107	-75.907180	0.000000	-0.055822	0.010491
3427.860107	-70.788821	0.000000	-0.039346	0.008897
3433.850098	-58.917130	0.000000	-0.035945	0.014400
3439.820068	-53.895613	0.000000	-0.031600	0.009245
3445.780029	-38.015993	0.000000	-0.021987	0.025972
3451.729980	-43.047827	0.000000	-0.021967	0.017261
3457.669922	-36.400805	0.000000	-0.030069	0.012136
3463.600098	-34.421698	0.000000	-0.022984	0.013325
3469.510010	-29.578053	0.000000	-0.015179	0.018698
3475.409912	-23.754054	0.000000	-0.005787	0.024545
3481.300049	-21.985394	0.000000	-0.006523	0.022141
3487.179932	-15.308133	0.000000	-0.005795	0.029372
3493.050049	-12.105315	0.000000	-0.002761	0.027487
3498.899902	-9.539748	0.000000	0.002105	0.029937
3504.750000	-4.386965	0.000000	0.000002	0.029291
3510.580078	-3.125480	0.000000	0.000287	0.025898
3516.399902	-0.710878	0.000000	-0.004477	0.025608
3522.199951	-0.722774	0.000000	-0.006894	0.022182
3528.000000	3.362569	0.000000	-0.000567	0.025617
3533.780029	6.994061	0.000000	0.004113	0.025140
3539.550049	12.750911	0.000000	0.007015	0.028239
3545.310059	14.465130	0.000000	0.008758	0.026648
3551.050049	16.177667	0.000000	0.007019	0.023169
3556.780029	18.338966	0.000000	0.006031	0.020215
3562.500000	17.848060	0.000000	0.002734	0.017818
3568.209961	19.181306	0.000000	0.008840	0.019665
3573.909912	15.334221	0.000000	0.014814	0.015303
3579.590088	12.895152	0.000000	0.012894	0.010306
3585.260010	9.195420	0.000000	0.006437	0.001018
3590.919922	11.804938	0.000000	0.011234	0.003074
3596.570068	13.623164	0.000000	0.014777	0.006468
3602.199951	18.435615	0.000000	0.012080	0.007543
3607.820068	17.857760	0.000000	0.013725	0.009462
3613.429932	17.311220	0.000000	0.013208	0.004703
3619.030029	17.094505	0.000000	0.020500	0.010020
3624.610107	16.397221	0.000000	0.029235	0.016156
3630.179932	16.759365	0.000000	0.029769	0.018151
3635.739990	14.853777	0.000000	0.039570	0.025545
3641.280029	9.133654	0.000000	0.029048	0.021234
3646.820068	8.479333	0.000000	0.027454	0.024976
3652.340088	2.133574	0.000000	0.017397	0.016376
3657.840088	1.586487	0.000000	0.018538	0.021888
3663.340088	0.879280	0.000000	0.022161	0.023688
3668.820068	-0.989391	0.000000	0.022210	0.025531
3674.290039	0.749487	0.000000	0.025579	0.028762
3679.739990	-2.054286	0.000000	0.028280	0.026378
3685.179932	-5.595832	0.000000	0.032613	0.022030
3690.610107	-7.862558	0.000000	0.030528	0.015341
3696.030029	-9.998699	0.000000	0.030567	0.010477
3701.429932	-14.308275	0.000000	0.023932	0.004396
3706.820068	-18.570416	0.000000	0.016573	-0.002529
3712.199951	-21.200954	0.000000	0.012681	-0.008527
3717.560059	-23.417403	0.000000	0.011305	-0.011044
3722.919922	-25.441599	0.000000	0.010344	-0.014386
3728.250000	-22.929040	0.000000	0.007600	-0.012936
3733.580078	-22.534567	0.000000	0.010106	-0.013058
3738.889893	-21.953542	0.000000	0.006597	-0.015141
3744.189941	-20.449621	0.000000	0.012243	-0.011916
3749.469971	-15.261960	0.000000	0.017827	-0.008862
3754.739990	-14.106110	0.000000	0.020506	-0.009495
3760.000000	-11.997381	0.000000	0.019436	-0.011451
3765.239990	-8.406872	0.000000	0.016407	-0.012176
3770.469971	-5.780892	0.000000	0.014452	-0.014348
3775.689941	-5.678523	0.000000	0.007289	-0.018484
3780.899902	-0.315805	0.000000	0.007183	-0.018259
3786.090088	-0.733550	0.000000	0.005381	-0.022823
3791.260010	1.876793	0.000000	0.007994	-0.019664
3796.429932	4.203657	0.000000	0.002694	-0.019067
3801.580078	7.510392	0.000000	0.006233	-0.013051
3806.709961	9.010417	0.000000	0.002482	-0.018627
3811.840088	7.735841	0.000000	0.005566	-0.016749
3816.939941	12.584411	0.000000	0.010882	-0.008700
3822.040039	12.121906	0.000000	0.012842	-0.007021
3827.120117	11.042473	0.000000	0.017620	-0.005479
3832.189941	16.057425	0.000000	0.023484	0.005816
3837.239990	17.094711	0.000000	0.019095	0.002813
3842.280029	14.777265	0.000000	0.020003	0.002643
3847.310059	16.680477	0.000000	0.023739	0.009499
3852.320068	16.201617	0.000000	0.027687	0.010007
3857.320068	16.457180	0.000000	0.029665	0.014922
3862.300049	16.248857	0.000000	0.035299	0.020859
3867.270020	19.839511	0.000000	0.043431	0.029251
3872.229980	12.628073	0.000000	0.043979	0.024459
3877.169922	14.946000	0.000000	0.047012	0.034049
3882.100098	14.001017	0.000000	0.051406	0.037176
3887.010010	14.705862	0.000000	0.054907	0.041880
3891.909912	15.337461	0.000000	0.042245	0.037530
3896.800049	11.502902	0.000000	0.040634	0.035046
3901.669922	7.181635	0.000000	0.036647	0.033207
3906.530029	9.310251	0.000000	0.043380	0.044430
3911.370117	8.064942	0.000000	0.041555	0.040073
3916.199951	4.882111	0.000000	0.035771	0.036054
3921.010010	7.906178	0.000000	0.036905	0.044430
3925.810059	6.155712	0.000000	0.041014	0.043717
3930.600098	0.717107	0.000000	0.039826	0.036889
3935.370117	-3.172010	0.000000	0.037682	0.038255
3940.129883	-1.050638	0.000000	0.036118	0.037894
3944.870117	-0.437810	0.000000	0.036584	0.042309
3949.600098	-0.497883	0.000000	0.039855	0.045246
3954.310059	-4.442128	0.000000	0.030660	0.039021
3959.010010	-11.398548	0.000000	0.031683	0.030934
3963.699951	-4.495820	0.000000	0.037588	0.043139
3968.370117	-3.839913	0.000000	0.038731	0.047417
3973.020020	-8.820489	0.000000	0.041261	0.053594
3977.659912	-11.054331	0.000000	0.023649	0.040221
3982.290039	-8.536562	0.000000	0.056496	0.064185
3986.899902	-27.745096	0.000000	0.050961	0.041509
3991.500000	-31.448452	0.000000	0.049043	0.048073
3996.080078	-35.835331	0.000000	0.038925	0.041091
31000.599609	-45.790425	0.000000	0.028575	0.050675
31005.199219	-38.073331	0.000000	0.005334	0.035404
31009.699219	-60.860731	0.000000	0.019567	0.052740
31014.199219	-92.833259	0.000000	-0.000787	0.019116
31081.199219	-2.584205	0.000000	0.050182	0.028873
31086.599609	-4.813290	0.000000	0.052129	0.027555
31092.000000	-3.330189	0.000000	0.054058	0.031495
31097.300781	-3.463962	0.000000	0.061355	0.036027
31102.699219	-0.308422	0.000000	0.067705	0.042307
31108.099609	-0.537757	0.000000	0.070850	0.043085
31113.400391	0.495800	0.000000	0.073125	0.045435
31118.699219	-1.101076	0.000000	0.076256	0.044810
31124.000000	-1.659942	0.000000	0.079235	0.047278
31129.300781	-3.259711	0.000000	0.083019	0.048480
31134.599609	-4.348680	0.000000	0.083122	0.047913
31139.900391	-5.308136	0.000000	0.083383	0.047514
31145.199219	-5.512720	0.000000	0.079606	0.045646
31150.400391	-6.380324	0.000000	0.074372	0.042790
31155.699219	-7.001606	0.000000	0.069266	0.039897
31160.900391	-6.183669	0.000000	0.067176	0.040254
31166.199219	-5.266241	0.000000	0.065181	0.040822
31171.400391	-3.743761	0.000000	0.062395	0.042590
31176.599609	-3.224453	0.000000	0.060079	0.042486
31181.800781	-1.777901	0.000000	0.057708	0.044449
31187.000000	-0.419984	0.000000	0.054118	0.044281
31192.199219	0.776864	0.000000	0.051700	0.046067
31197.400391	0.136851	0.000000	0.045783	0.042256
31202.500000	0.752000	0.000000	0.043257	0.041425
31207.699219	-1.437359	0.000000	0.038955	0.035573
31212.800781	0.108707	0.000000	0.039141	0.037799
31218.000000	-0.180848	0.000000	0.038286	0.036407
31223.099609	0.615357	0.000000	0.038728	0.036167
31228.300781	1.437087	0.000000	0.037795	0.036555
31233.400391	3.133678	0.000000	0.037686	0.038136
31238.500000	4.512184	0.000000	0.037325	0.039958
31243.599609	6.258750	0.000000	0.040222	0.043278
31248.699219	7.460492	0.000000	0.040501	0.044315
31253.800781	7.614859	0.000000	0.042982	0.045670
31258.900391	7.308142	0.000000	0.042549	0.044672
31263.900391	7.819491	0.000000	0.042383	0.044027
31269.000000	9.995939	0.000000	0.043856	0.046107
31274.099609	11.063957	0.000000	0.046032	0.047024
31279.099609	12.569823	0.000000	0.046941	0.048670
31284.199219	13.768032	0.000000	0.047384	0.048730
31289.199219	14.331834	0.000000	0.049273	0.051037
31294.300781	15.143710	0.000000	0.049341	0.051201
31299.300781	14.403010	0.000000	0.049060	0.050092
31304.300781	13.378868	0.000000	0.048451	0.047802
31309.300781	12.036172	0.000000	0.044638	0.043414
31314.300781	12.885644	0.000000	0.045178	0.043891
31319.400391	12.991677	0.000000	0.042990	0.041292
31324.400391	14.770996	0.000000	0.041217	0.041007
31329.300781	14.960383	0.000000	0.037807	0.037099
31334.300781	17.329620	0.000000	0.036086	0.037510
31339.300781	16.422951	0.000000	0.032808	0.032877
31344.300781	14.854721	0.000000	0.029432	0.028932
31349.300781	12.340576	0.000000	0.024442	0.022823
31354.199219	8.695682	0.000000	0.018119	0.015402
31359.199219	6.601035	0.000000	0.010806	0.009523
31364.099609	2.976732	0.000000	0.005887	0.003380
31369.099609	3.276067	0.000000	0.002603	0.001174
31374.000000	-0.472923	0.000000	-0.008482	-0.009149
31379.000000	-8.232288	0.000000	-0.022192	-0.026275
31383.900391	-16.849718	0.000000	-0.039498	-0.044519
31388.800781	-17.249724	0.000000	-0.051123	-0.051996
31393.800781	-16.367201	0.000000	-0.066244	-0.059609
31398.699219	-22.482383	0.000000	-0.078840	-0.076357
31403.599609	-36.044335	0.000000	-0.093007	-0.099072
31408.500000	-52.064182	0.000000	-0.103889	-0.123088
31413.400391	-57.295884	0.000000	-0.112115	-0.132143
31418.300781	-48.989319	0.000000	-0.108934	-0.127687
31423.199219	-38.976646	0.000000	-0.102542	-0.120957
31428.099609	-26.053670	0.000000	-0.097413	-0.109980
31432.900391	-13.516483	0.000000	-0.091810	-0.098697
31437.800781	-0.782497	0.000000	-0.086433	-0.086419
31442.699219	10.686919	0.000000	-0.082269	-0.075964
31447.500000	20.775850	0.000000	-0.078326	-0.066928
31452.400391	26.703269	0.000000	-0.074182	-0.059473
31457.300781	29.404003	0.000000	-0.073388	-0.056632
31462.099609	30.437826	0.000000	-0.071609	-0.054140
31466.900391	30.077721	0.000000	-0.070930	-0.054459
31471.800781	30.650640	0.000000	-0.070199	-0.051121
31476.599609	29.671200	0.000000	-0.069187	-0.051808
31481.400391	30.249439	0.000000	-0.065059	-0.045847
31486.300781	28.240019	0.000000	-0.062001	-0.046926
31491.099609	28.220951	0.000000	-0.058302	-0.042946
31495.900391	26.492709	0.000000	-0.055830	-0.042831
31500.699219	26.031884	0.000000	-0.052934	-0.039339
31505.500000	24.329158	0.000000	-0.050695	-0.039190
31510.300781	24.052461	0.000000	-0.046461	-0.034857
31515.099609	22.115631	0.000000	-0.043524	-0.032857
31519.900391	20.943644	0.000000	-0.039078	-0.029858
31524.699219	17.611802	0.000000	-0.035674	-0.029095
31529.400391	16.781847	0.000000	-0.031982	-0.025293
31534.199219	13.890880	0.000000	-0.028104	-0.024274
31539.000000	14.103056	0.000000	-0.022762	-0.019358
31543.699219	12.069043	0.000000	-0.021648	-0.019893
31548.500000	11.930774	0.000000	-0.014745	-0.014640
31553.199219	10.018060	0.000000	-0.010855	-0.012766
31558.000000	9.631676	0.000000	-0.005076	-0.009095
31562.699219	7.373751	0.000000	-0.001817	-0.008526
31567.400391	6.873040	0.000000	-0.000229	-0.008027
31572.099609	5.998831	0.000000	0.004017	-0.005858
31576.900391	6.634663	0.000000	0.009451	-0.001251
31581.599609	5.453704	0.000000	0.011765	-0.001054
31586.300781	4.767138	0.000000	0.014482	-0.000530
31591.000000	4.353850	0.000000	0.017640	0.002205
31595.699219	3.866982	0.000000	0.016619	0.001870
31600.400391	5.436877	0.000000	0.020035	0.005808
31605.099609	5.903167	0.000000	0.023301	0.008018
31609.699219	5.368653	0.000000	0.024635	0.007484
31614.400391	5.449607	0.000000	0.024561	0.008148
31619.099609	4.568313	0.000000	0.023730	0.006990
31623.699219	4.584365	0.000000	0.022830	0.008777
31628.400391	4.345088	0.000000	0.023102	0.007798
31633.000000	5.065580	0.000000	0.023547	0.007562
31637.699219	5.835475	0.000000	0.024726	0.008143
31642.300781	8.135574	0.000000	0.025686	0.011929
31646.900391	9.950705	0.000000	0.027040	0.014717
31651.500000	11.534218	0.000000	0.028935	0.016239
31656.199219	13.797440	0.000000	0.028265	0.017291
31660.800781	15.863527	0.000000	0.027128	0.019032
31665.400391	16.893445	0.000000	0.028730	0.021351
31670.000000	16.152716	0.000000	0.027447	0.021080
31674.500000	14.111872	0.000000	0.025327	0.018428
31679.099609	13.208134	0.000000	0.024409	0.019055
31683.699219	10.340933	0.000000	0.021626	0.015820
31688.300781	10.011734	0.000000	0.022553	0.016951
31692.800781	7.707233	0.000000	0.020849	0.013825
31697.400391	5.221023	0.000000	0.018184	0.011336
31701.900391	5.936303	0.000000	0.017304	0.012900
31706.500000	4.957633	0.000000	0.015215	0.009671
31711.000000	2.059938	0.000000	0.010720	0.003597
31715.500000	-0.396796	0.000000	0.009443	0.000243
31720.000000	-0.697346	0.000000	0.008319	-0.000370
31724.599609	-2.047549	0.000000	0.006048	-0.003553
31729.099609	-0.133549	0.000000	0.005668	-0.001626
31733.599609	0.839573	0.000000	0.005177	-0.000975
31738.099609	4.339895	0.000000	0.010383	0.005931
31742.500000	5.060463	0.000000	0.009209	0.005475
31747.000000	5.082786	0.000000	0.011471	0.006966
31751.500000	4.606443	0.000000	0.012119	0.007276
31755.900391	5.358013	0.000000	0.013740	0.006596
31760.400391	4.913421	0.000000	0.012237	0.003896
31764.800781	4.295427	0.000000	0.013346	0.003880
31769.300781	3.722435	0.000000	0.013740	0.004119
31773.699219	3.639332	0.000000	0.013643	0.003584
31778.099609	3.026053	0.000000	0.014277	0.003106
31782.500000	3.083280	0.000000	0.016101	0.005030
31786.900391	2.289627	0.000000	0.018407	0.005846
31791.300781	0.596525	0.000000	0.017469	0.005341
31795.699219	2.209147	0.000000	0.021918	0.009873
31800.099609	1.611866	0.000000	0.021901	0.009220
31804.500000	-0.001961	0.000000	0.024583	0.009349
31808.900391	-1.761648	0.000000	0.025760	0.008476
31813.199219	-1.967533	0.000000	0.028436	0.010249
31817.599609	-3.480488	0.000000	0.029952	0.009068
31821.900391	-1.201909	0.000000	0.031152	0.013547
31826.199219	-3.844605	0.000000	0.032267	0.011827
31830.599609	-5.232268	0.000000	0.030766	0.009054
31834.900391	-5.554920	0.000000	0.032633	0.010899
31839.199219	-6.165949	0.000000	0.034522	0.010816
31843.500000	-4.437841	0.000000	0.035518	0.013443
31847.800781	-2.648631	0.000000	0.031933	0.012704
31852.099609	-2.373965	0.000000	0.033841	0.015049
31856.400391	0.118481	0.000000	0.029003	0.015812
31860.599609	0.714661	0.000000	0.026090	0.013185
31864.900391	4.003359	0.000000	0.021293	0.013150
31869.099609	2.225860	0.000000	0.011601	0.004240
31873.400391	6.798780	0.000000	0.003188	0.004495
31877.599609	11.341731	0.000000	-0.004000	0.004963
31881.900391	14.185595	0.000000	-0.011694	0.004275
31886.099609	12.729735	0.000000	-0.019111	0.000408
31890.300781	6.697166	0.000000	-0.022674	-0.004848
31894.500000	-5.538074	0.000000	-0.029223	-0.017533
31898.699219	-23.595738	0.000000	-0.033853	-0.032083
31902.900391	-40.885847	0.000000	-0.034787	-0.045949
31907.000000	-50.575255	0.000000	-0.034116	-0.049828
31911.199219	-51.206637	0.000000	-0.032541	-0.048323
31915.400391	-42.648780	0.000000	-0.027859	-0.035358
31919.500000	-32.893663	0.000000	-0.024941	-0.026077
31923.699219	-23.099490	0.000000	-0.021950	-0.014633
31927.800781	-14.749385	0.000000	-0.020786	-0.008763
31931.900391	-4.989047	0.000000	-0.017367	0.002350
31936.099609	-0.844997	0.000000	-0.015411	0.005963
31940.199219	3.686959	0.000000	-0.017501	0.007641
31944.300781	5.734991	0.000000	-0.016833	0.007994
31948.400391	8.399902	0.000000	-0.016752	0.010113
31952.500000	9.918468	0.000000	-0.014670	0.011117
31956.599609	11.986055	0.000000	-0.017188	0.010218
31960.599609	11.913101	0.000000	-0.017439	0.008487
31964.699219	14.479255	0.000000	-0.015934	0.010757
31968.800781	14.390604	0.000000	-0.017841	0.008742
31972.800781	15.341616	0.000000	-0.018516	0.008276
31976.800781	18.232310	0.000000	-0.016854	0.011429
31980.900391	19.189807	0.000000	-0.017627	0.009582
31984.900391	19.774827	0.000000	-0.017423	0.009887
31988.900391	23.196830	0.000000	-0.017827	0.011542
31992.900391	25.093139	0.000000	-0.016641	0.013869
31996.900391	26.198129	0.000000	-0.020356	0.012298
32000.900391	27.630962	0.000000	-0.018560	0.014840
32004.900391	28.192239	0.000000	-0.019567	0.015040
32008.900391	29.015938	0.000000	-0.016729	0.018252
32012.900391	28.623957	0.000000	-0.020974	0.016138
32016.900391	28.335442	0.000000	-0.018964	0.015991
32020.800781	30.954134	0.000000	-0.019037	0.018514
32024.800781	30.895398	0.000000	-0.020726	0.017320
32028.699219	29.322698	0.000000	-0.023909	0.015897
32032.699219	29.465549	0.000000	-0.021928	0.015740
32036.599609	28.245972	0.000000	-0.026588	0.013941
32040.500000	28.084431	0.000000	-0.025220	0.015616
32044.400391	24.647127	0.000000	-0.029588	0.011185
32048.400391	25.624797	0.000000	-0.031301	0.010450
32052.300781	22.829704	0.000000	-0.033331	0.007378
32056.199219	24.911531	0.000000	-0.034318	0.008507
32060.099609	20.185863	0.000000	-0.035692	0.003917
32063.900391	19.361908	0.000000	-0.035917	0.002965
32067.800781	17.367324	0.000000	-0.040627	-0.001074
32071.699219	12.009386	0.000000	-0.043554	-0.007744
32075.599609	12.111422	0.000000	-0.046105	-0.010679
32079.400391	9.427231	0.000000	-0.046880	-0.011448
32083.300781	9.005932	0.000000	-0.049077	-0.012084
32087.199219	4.192960	0.000000	-0.046315	-0.015233
32091.000000	1.007180	0.000000	-0.049523	-0.020243
32094.900391	1.249225	0.000000	-0.046211	-0.016027
32098.699219	-2.272508	0.000000	-0.053140	-0.023243
32102.500000	-2.474896	0.000000	-0.053466	-0.022108
32106.400391	-9.123408	0.000000	-0.058009	-0.033711
32110.199219	-6.347856	0.000000	-0.061754	-0.027248
32114.000000	-8.196879	0.000000	-0.060187	-0.032855
32117.900391	-11.759949	0.000000	-0.059090	-0.031688
32121.699219	-12.709309	0.000000	-0.062835	-0.034672
32125.500000	-16.375846	0.000000	-0.070022	-0.041214
32129.300781	-14.212106	0.000000	-0.072397	-0.039973
32133.099609	-20.551756	0.000000	-0.073477	-0.048020
32136.900391	-21.614531	0.000000	-0.075392	-0.049454
32140.699219	-21.074144	0.000000	-0.074970	-0.047396
32144.500000	-23.144703	0.000000	-0.079910	-0.048395
32148.300781	-27.052901	0.000000	-0.082805	-0.052328
32152.099609	-28.828423	0.000000	-0.089941	-0.055889
32155.900391	-41.109794	0.000000	-0.092357	-0.071629
32159.699219	-41.313186	0.000000	-0.096821	-0.067012
32163.500000	-53.273049	0.000000	-0.096600	-0.079551
32167.300781	-52.954511	0.000000	-0.098232	-0.073032
32171.099609	-65.320250	0.000000	-0.101932	-0.093458
32174.900391	-60.682133	0.000000	-0.095238	-0.079297
32178.599609	-86.563024	0.000000	-0.107101	-0.120266
32182.400391	-75.352621	0.000000	-0.097134	-0.093063
32186.199219	-106.354249	0.000000	-0.125817	-0.144865
32190.000000	-85.014409	0.000000	-0.107457	-0.097590
32193.800781	-101.395539	0.000000	-0.138750	-0.143610
32197.599609	-95.815350	0.000000	-0.114582	-0.113904
32201.400391	-110.957531	0.000000	-0.115208	-0.143470
4415.859863	8.563070	0.000000	0.005782	0.000915
4421.859863	-5.462444	0.000000	-0.003306	-0.001225
4427.859863	-29.957943	0.000000	-0.021685	-0.002638
4433.850098	-56.882168	0.000000	-0.038729	-0.004690
4439.819824	-75.410592	0.000000	-0.049669	-0.003972
4445.779785	-79.995678	0.000000	-0.050420	-0.004457
4451.729980	-59.001788	0.000000	-0.033786	0.001871
4457.669922	-50.263547	0.000000	-0.025107	0.005554
4463.600098	-41.961360	0.000000	-0.022538	0.008594
4469.510254	-37.116987	0.000000	-0.020597	0.008139
4475.410156	-33.217444	0.000000	-0.019390	0.008086
4481.299805	-30.517338	0.000000	-0.015773	0.007028
4487.180176	-25.074184	0.000000	-0.008415	0.010608
4493.049805	-20.541322	0.000000	-0.001542	0.015346
4498.899902	-14.915217	0.000000	0.001985	0.019006
4504.750000	-10.488917	0.000000	0.004151	0.021130
4510.580078	-5.986383	0.000000	0.004591	0.022661
4516.399902	-1.537745	0.000000	0.006252	0.023372
4522.200195	1.755236	0.000000	0.006012	0.021736
4528.000000	4.410389	0.000000	0.003067	0.019826
4533.779785	6.725797	0.000000	-0.000020	0.017799
4539.549805	8.459180	0.000000	-0.001047	0.015959
4545.310059	12.083089	0.000000	-0.000298	0.016121
4551.049805	16.300881	0.000000	0.002579	0.016394
4556.779785	20.775229	0.000000	0.005048	0.016663
4562.500000	24.320226	0.000000	0.005637	0.014848
4568.209961	26.791791	0.000000	0.003954	0.012282
4573.910156	28.439971	0.000000	0.001962	0.009318
4579.589844	29.231816	0.000000	0.001923	0.006923
4585.260254	28.670436	0.000000	0.003048	0.004326
4590.919922	25.803310	0.000000	0.002537	-0.001364
4596.569824	22.830100	0.000000	0.001397	-0.008566
4602.200195	20.654633	0.000000	0.000124	-0.014009
4607.819824	21.938121	0.000000	-0.000507	-0.015549
4613.430176	24.818452	0.000000	0.001107	-0.013273
4619.029785	28.018682	0.000000	0.002560	-0.010868
4624.609863	29.455152	0.000000	0.002601	-0.010682
4630.180176	29.449190	0.000000	0.003996	-0.010643
4635.739746	28.795011	0.000000	0.006360	-0.009783
4641.279785	28.884449	0.000000	0.010547	-0.006533
4646.819824	27.478937	0.000000	0.012381	-0.003294
4652.339844	25.671516	0.000000	0.011216	-0.000979
4657.839844	22.263170	0.000000	0.005778	-0.001967
4663.339844	18.331992	0.000000	-0.001319	-0.003376
4668.819824	15.695071	0.000000	-0.007931	-0.004672
4674.290039	13.939964	0.000000	-0.010547	-0.003880
4679.739746	13.121534	0.000000	-0.011841	-0.002149
4685.180176	13.727598	0.000000	-0.010913	0.001351
4690.609863	12.771282	0.000000	-0.010540	0.001021
4696.029785	10.705446	0.000000	-0.011234	-0.002327
4701.430176	7.960535	0.000000	-0.011092	-0.008494
4706.819824	3.871670	0.000000	-0.012438	-0.016594
4712.200195	-0.121936	0.000000	-0.016349	-0.024522
4717.560059	-4.128462	0.000000	-0.022387	-0.032315
4722.919922	-8.033604	0.000000	-0.028402	-0.038886
4728.250000	-12.034836	0.000000	-0.033903	-0.045407
4733.580078	-14.077474	0.000000	-0.037586	-0.049571
4738.890137	-14.720001	0.000000	-0.039249	-0.051484
4744.189941	-14.459153	0.000000	-0.041833	-0.052714
4749.470215	-13.764398	0.000000	-0.043890	-0.053339
4754.739746	-11.658491	0.000000	-0.043874	-0.052301
4760.000000	-9.771203	0.000000	-0.041971	-0.051733
4765.239746	-7.316129	0.000000	-0.039665	-0.051086
4770.470215	-4.470333	0.000000	-0.037435	-0.050652
4775.689941	-1.324889	0.000000	-0.037571	-0.051410
4780.899902	0.575543	0.000000	-0.040350	-0.053278
4786.089844	3.846133	0.000000	-0.043788	-0.054245
4791.260254	6.431259	0.000000	-0.047274	-0.056403
4796.430176	8.373047	0.000000	-0.048893	-0.058379
4801.580078	10.328518	0.000000	-0.050553	-0.059506
4806.709961	12.920643	0.000000	-0.050642	-0.057407
4811.839844	15.214089	0.000000	-0.051828	-0.055709
4816.939941	17.293787	0.000000	-0.052926	-0.054147
4822.040039	19.309540	0.000000	-0.052786	-0.052487
4827.120117	20.871543	0.000000	-0.050864	-0.050311
4832.189941	20.820083	0.000000	-0.049260	-0.049467
4837.239746	21.674637	0.000000	-0.045251	-0.044108
4842.279785	23.496561	0.000000	-0.042554	-0.039748
4847.310059	23.745212	0.000000	-0.041344	-0.037790
4852.319824	24.851482	0.000000	-0.040551	-0.034535
4857.319824	25.398795	0.000000	-0.039523	-0.032363
4862.299805	24.498725	0.000000	-0.038366	-0.031613
4867.270020	23.801094	0.000000	-0.035405	-0.028086
4872.229980	25.157471	0.000000	-0.031176	-0.022181
4877.169922	24.026238	0.000000	-0.027171	-0.019253
4882.100098	23.168700	0.000000	-0.023864	-0.014821
4887.010254	21.544905	0.000000	-0.020395	-0.011689
4891.910156	19.836425	0.000000	-0.016649	-0.008361
4896.799805	18.911559	0.000000	-0.015802	-0.005666
4901.669922	19.999820	0.000000	-0.015849	-0.002181
4906.529785	17.913542	0.000000	-0.018939	-0.004150
4911.370117	16.203590	0.000000	-0.021873	-0.003267
4916.200195	14.476230	0.000000	-0.022859	-0.001740
4921.010254	11.788614	0.000000	-0.022511	-0.001299
4925.810059	11.191744	0.000000	-0.023249	0.000790
4930.600098	11.580172	0.000000	-0.023584	0.003168
4935.370117	9.998606	0.000000	-0.024794	0.001474
4940.129883	7.009136	0.000000	-0.024938	0.001037
4944.870117	4.064525	0.000000	-0.024474	-0.000424
4949.600098	0.546077	0.000000	-0.025697	-0.003261
4954.310059	-0.166987	0.000000	-0.026241	-0.001801
4959.010254	0.475051	0.000000	-0.027821	0.001036
4963.700195	-1.787696	0.000000	-0.029701	-0.001156
4968.370117	-4.893317	0.000000	-0.030993	-0.003443
4973.020020	-6.447754	0.000000	-0.031457	-0.005055
4977.660156	-7.528692	0.000000	-0.030673	-0.002211
4982.290039	-8.100300	0.000000	-0.033954	-0.000791
4986.899902	-6.325371	0.000000	-0.033777	0.006897
4991.500000	-11.472895	0.000000	-0.032257	0.005173
4996.080078	-18.888379	0.000000	-0.029905	0.002351
41000.601562	-26.714795	0.000000	-0.029859	-0.004379
41005.199219	-37.850309	0.000000	-0.032476	-0.006431
41009.699219	-43.532341	0.000000	-0.048311	-0.014098
41014.199219	-45.632810	0.000000	-0.057263	-0.008615
41081.199219	-70.167529	0.000000	-0.079278	-0.020776
41086.601562	-71.256126	0.000000	-0.076143	-0.020657
41092.000000	-56.176104	0.000000	-0.055670	-0.016071
41097.300781	-32.823852	0.000000	-0.025937	-0.003044
41102.699219	-3.116443	0.000000	0.000108	0.008965
41108.101562	16.451669	0.000000	0.020589	0.024028
41113.398437	5.965185	0.000000	0.015396	0.021241
41118.699219	7.291509	0.000000	0.019693	0.025058
41124.000000	7.628206	0.000000	0.023502	0.026706
41129.300781	7.553493	0.000000	0.025630	0.027287
41134.601562	6.148231	0.000000	0.027708	0.027041
41139.898437	4.632650	0.000000	0.029671	0.027148
41145.199219	2.652189	0.000000	0.031507	0.026860
41150.398437	1.271918	0.000000	0.032222	0.026617
41155.699219	0.061997	0.000000	0.031450	0.025386
41160.898437	-0.934107	0.000000	0.028730	0.023332
41166.199219	-1.713338	0.000000	0.025481	0.021254
41171.398437	-2.072307	0.000000	0.022228	0.019546
41176.601562	-1.791130	0.000000	0.019784	0.019341
41181.800781	-0.903439	0.000000	0.017990	0.020120
41187.000000	0.293968	0.000000	0.016325	0.021777
41192.199219	1.502292	0.000000	0.014140	0.023044
41197.398437	2.911794	0.000000	0.012024	0.024775
41202.500000	3.932870	0.000000	0.009258	0.025483
41207.699219	5.003142	0.000000	0.006111	0.026028
41212.800781	4.878839	0.000000	0.002582	0.024090
41218.000000	4.473268	0.000000	-0.000431	0.021959
41223.101562	3.903889	0.000000	-0.002671	0.019575
41228.300781	3.714665	0.000000	-0.003500	0.018254
41233.398437	3.659153	0.000000	-0.004206	0.017126
41238.500000	4.424660	0.000000	-0.004472	0.017247
41243.601562	5.133306	0.000000	-0.005173	0.017095
41248.699219	6.559293	0.000000	-0.005254	0.018610
41253.800781	8.160033	0.000000	-0.005146	0.020638
41258.898437	9.549555	0.000000	-0.004326	0.022676
41263.898437	10.244535	0.000000	-0.003499	0.023877
41269.000000	10.271738	0.000000	-0.003183	0.023743
41274.101562	10.381380	0.000000	-0.003349	0.023245
41279.101562	10.802500	0.000000	-0.003083	0.022915
41284.199219	11.866292	0.000000	-0.002513	0.023259
41289.199219	13.335990	0.000000	-0.001701	0.023961
41294.300781	14.550815	0.000000	-0.000751	0.024920
41299.300781	15.484583	0.000000	-0.000437	0.025574
41304.300781	16.096905	0.000000	-0.000494	0.026015
41309.300781	16.003286	0.000000	-0.000542	0.025657
41314.300781	15.055929	0.000000	-0.001464	0.023791
41319.398437	14.021520	0.000000	-0.002739	0.021272
41324.398437	12.861101	0.000000	-0.003957	0.018516
41329.300781	12.809549	0.000000	-0.005107	0.016797
41334.300781	13.078822	0.000000	-0.006406	0.014976
41339.300781	14.263986	0.000000	-0.007366	0.014113
41344.300781	15.312969	0.000000	-0.008934	0.012414
41349.300781	15.995485	0.000000	-0.010372	0.010637
41354.199219	15.562334	0.000000	-0.012124	0.007735
41359.199219	13.777799	0.000000	-0.014754	0.003388
41364.101562	10.837131	0.000000	-0.019089	-0.002732
41369.101562	7.317126	0.000000	-0.024331	-0.009313
41374.000000	4.469850	0.000000	-0.028748	-0.014691
41379.000000	2.423303	0.000000	-0.032728	-0.018849
41383.898437	-0.133733	0.000000	-0.036700	-0.024199
41388.800781	-5.629609	0.000000	-0.042894	-0.034284
41393.800781	-12.273888	0.000000	-0.050244	-0.046579
41398.699219	-18.004966	0.000000	-0.057545	-0.057574
41403.601562	-21.155507	0.000000	-0.061889	-0.064936
41408.500000	-24.051859	0.000000	-0.064566	-0.071322
41413.398437	-31.545364	0.000000	-0.066557	-0.082839
41418.300781	-45.172045	0.000000	-0.070875	-0.101046
41423.199219	-58.029389	0.000000	-0.074159	-0.117892
41428.101562	-63.791189	0.000000	-0.073727	-0.126074
41432.898437	-59.733125	0.000000	-0.068533	-0.123335
41437.800781	-47.980599	0.000000	-0.059735	-0.111948
41442.699219	-33.646560	0.000000	-0.049493	-0.097772
41447.500000	-19.855919	0.000000	-0.041060	-0.083851
41452.398437	-6.072868	0.000000	-0.034098	-0.070176
41457.300781	6.226357	0.000000	-0.027597	-0.057664
41462.101562	16.046261	0.000000	-0.022921	-0.047690
41466.898437	22.644954	0.000000	-0.019545	-0.040431
41471.800781	25.857420	0.000000	-0.017875	-0.036758
41476.601562	26.891383	0.000000	-0.017735	-0.034845
41481.398437	26.820321	0.000000	-0.019036	-0.035020
41486.300781	26.754610	0.000000	-0.020328	-0.034207
41491.101562	26.236726	0.000000	-0.021767	-0.034071
41495.898437	25.830758	0.000000	-0.022388	-0.033032
41500.699219	24.863875	0.000000	-0.022612	-0.032954
41505.500000	24.039952	0.000000	-0.022828	-0.032085
41510.300781	22.698198	0.000000	-0.023916	-0.032776
41515.101562	21.873710	0.000000	-0.025038	-0.032166
41519.898437	20.616573	0.000000	-0.026230	-0.032034
41524.699219	19.748315	0.000000	-0.026689	-0.030709
41529.398437	18.003704	0.000000	-0.026758	-0.030195
41534.199219	16.321829	0.000000	-0.026584	-0.028914
41539.000000	13.784694	0.000000	-0.026696	-0.028893
41543.699219	11.827509	0.000000	-0.026018	-0.027824
41548.500000	9.964287	0.000000	-0.025724	-0.027187
41553.199219	8.993390	0.000000	-0.024604	-0.025620
41558.000000	7.708778	0.000000	-0.023371	-0.024494
41562.699219	7.011716	0.000000	-0.021383	-0.022371
41567.398437	5.509933	0.000000	-0.019154	-0.020990
41572.101562	4.233329	0.000000	-0.017013	-0.019651
41576.898437	2.696406	0.000000	-0.016019	-0.019694
41581.601562	1.933704	0.000000	-0.014317	-0.018651
41586.300781	1.188179	0.000000	-0.012883	-0.017735
41591.000000	0.789545	0.000000	-0.010890	-0.016555
41595.699219	0.064048	0.000000	-0.008545	-0.015370
41600.398437	-0.926169	0.000000	-0.007599	-0.015240
41605.101562	-1.653948	0.000000	-0.007360	-0.015093
41609.699219	-1.540459	0.000000	-0.006382	-0.013547
41614.398437	-1.225918	0.000000	-0.005198	-0.012057
41619.101562	-0.723866	0.000000	-0.003719	-0.010697
41623.699219	-0.531339	0.000000	-0.002118	-0.009799
41628.398437	-0.888572	0.000000	-0.002175	-0.009625
41633.000000	-1.252189	0.000000	-0.003163	-0.009545
41637.699219	-1.415584	0.000000	-0.004160	-0.009520
41642.300781	-1.499810	0.000000	-0.004578	-0.010049
41646.898437	-0.807696	0.000000	-0.004175	-0.009619
41651.500000	0.498993	0.000000	-0.003180	-0.008336
41656.199219	2.243396	0.000000	-0.001894	-0.005844
41660.800781	4.276292	0.000000	-0.000565	-0.003146
41665.398437	6.644435	0.000000	0.000189	-0.000656
41670.000000	8.974039	0.000000	0.001207	0.001566
41674.500000	11.071866	0.000000	0.001864	0.003935
41679.101562	12.047831	0.000000	0.001872	0.005420
41683.699219	11.962296	0.000000	0.001831	0.006461
41688.300781	10.461612	0.000000	0.000910	0.005808
41692.800781	8.728934	0.000000	-0.000250	0.004992
41697.398437	7.002793	0.000000	-0.000748	0.004150
41701.898437	4.890814	0.000000	-0.001627	0.002593
41706.500000	3.077606	0.000000	-0.002566	0.001366
41711.000000	2.169548	0.000000	-0.003370	0.001026
41715.500000	1.029543	0.000000	-0.005188	-0.000570
41720.000000	-0.292713	0.000000	-0.006981	-0.002826
41724.601562	-1.750442	0.000000	-0.008478	-0.005486
41729.101562	-4.123046	0.000000	-0.010336	-0.009440
41733.601562	-5.468724	0.000000	-0.011662	-0.011501
41738.101562	-5.632996	0.000000	-0.012513	-0.012127
41742.500000	-4.200532	0.000000	-0.011625	-0.010023
41747.000000	-2.039920	0.000000	-0.009772	-0.006783
41751.500000	0.416911	0.000000	-0.006794	-0.002503
41755.898437	1.723254	0.000000	-0.003944	0.000747
41760.398437	2.445758	0.000000	-0.001359	0.002855
41764.800781	2.288083	0.000000	-0.000016	0.002617
41769.300781	2.145492	0.000000	0.001652	0.002307
41773.699219	1.899246	0.000000	0.002874	0.001689
41778.101562	1.638202	0.000000	0.004168	0.001461
41782.500000	1.090177	0.000000	0.005254	0.001533
41786.898437	0.779502	0.000000	0.006758	0.002290
41791.300781	0.671022	0.000000	0.008749	0.003381
41795.699219	-0.034668	0.000000	0.010087	0.003960
41800.101562	-0.512212	0.000000	0.012041	0.005669
41804.500000	-0.674227	0.000000	0.013754	0.007545
41808.898437	-1.021698	0.000000	0.015361	0.008798
41813.199219	-1.810297	0.000000	0.016625	0.009147
41817.601562	-2.635385	0.000000	0.018451	0.009538
41821.898437	-4.570496	0.000000	0.019395	0.008227
41826.199219	-5.217740	0.000000	0.020862	0.008866
41830.601562	-5.521312	0.000000	0.022301	0.010037
41834.898437	-6.042286	0.000000	0.023249	0.010438
41839.199219	-6.950844	0.000000	0.023596	0.010297
41843.500000	-8.164415	0.000000	0.024411	0.009973
41847.800781	-9.570752	0.000000	0.025799	0.009436
41852.101562	-9.178058	0.000000	0.026936	0.010432
41856.398437	-8.490602	0.000000	0.029260	0.012419
41860.601562	-7.037983	0.000000	0.030922	0.015028
41864.898437	-5.523258	0.000000	0.032530	0.017683
41869.101562	-3.576067	0.000000	0.034862	0.020768
41873.398437	-2.528381	0.000000	0.037098	0.022015
41877.601562	-1.236443	0.000000	0.038485	0.022234
41881.898437	0.463910	0.000000	0.041379	0.023371
41886.101562	3.561708	0.000000	0.045532	0.027055
41890.300781	6.656261	0.000000	0.051460	0.031930
41894.500000	9.037869	0.000000	0.059684	0.038134
41898.699219	6.861154	0.000000	0.067525	0.039767
41902.898437	-1.442289	0.000000	0.072823	0.035474
41907.000000	-16.195088	0.000000	0.075317	0.024209
41911.199219	-34.440524	0.000000	0.075468	0.009701
41915.398437	-51.611801	0.000000	0.074302	-0.004248
41919.500000	-61.715448	0.000000	0.075082	-0.010161
41923.699219	-62.325186	0.000000	0.078030	-0.007357
41927.800781	-55.184460	0.000000	0.082498	0.003161
41931.898437	-44.472729	0.000000	0.087334	0.015472
41936.101562	-32.582335	0.000000	0.091939	0.028586
41940.199219	-22.477558	0.000000	0.095772	0.039083
41944.300781	-13.859099	0.000000	0.098594	0.047954
41948.398437	-7.462730	0.000000	0.100275	0.053473
41952.500000	-2.905841	0.000000	0.101026	0.057252
41956.601562	-0.159028	0.000000	0.101495	0.058762
41960.601562	2.653036	0.000000	0.101717	0.060426
41964.699219	4.437635	0.000000	0.101851	0.061101
41968.800781	6.443028	0.000000	0.101762	0.061890
41972.800781	7.957887	0.000000	0.101251	0.061915
41976.800781	9.140541	0.000000	0.100059	0.061467
41980.898437	10.657399	0.000000	0.099680	0.062255
41984.898437	12.702509	0.000000	0.098933	0.063112
41988.898437	14.091750	0.000000	0.098086	0.063236
41992.898437	16.238572	0.000000	0.097535	0.064067
41996.898437	18.624446	0.000000	0.097323	0.065540
42000.898437	20.795709	0.000000	0.095904	0.066196
42004.898437	23.388254	0.000000	0.095025	0.068145
42008.898437	25.640713	0.000000	0.093613	0.069490
42012.898437	27.088239	0.000000	0.093052	0.071098
42016.898437	28.212753	0.000000	0.091643	0.072330
42020.800781	28.659894	0.000000	0.090820	0.073223
42024.800781	29.357072	0.000000	0.089450	0.073756
42028.699219	30.551682	0.000000	0.088497	0.074473
42032.699219	31.354984	0.000000	0.086199	0.074370
42036.601562	32.136703	0.000000	0.084955	0.074667
42040.500000	32.264653	0.000000	0.081889	0.073871
42044.398437	31.906798	0.000000	0.079479	0.073216
42048.398437	31.054039	0.000000	0.076749	0.072423
42052.300781	30.631763	0.000000	0.073754	0.071556
42056.199219	29.315734	0.000000	0.069704	0.069584
42060.101562	29.105237	0.000000	0.066674	0.068240
42063.898437	28.377866	0.000000	0.063067	0.065978
42067.800781	27.741014	0.000000	0.061084	0.064595
42071.699219	26.561024	0.000000	0.058373	0.062646
42075.601562	24.294351	0.000000	0.054903	0.059302
42079.398437	21.432131	0.000000	0.050993	0.054459
42083.300781	19.296624	0.000000	0.047272	0.050376
42087.199219	17.461460	0.000000	0.043049	0.046936
42091.000000	15.586284	0.000000	0.040734	0.044667
42094.898437	13.532634	0.000000	0.038106	0.042049
42098.699219	10.844333	0.000000	0.036503	0.039990
42102.500000	8.308979	0.000000	0.034214	0.036916
42106.398437	6.592084	0.000000	0.031933	0.035401
42110.199219	4.511002	0.000000	0.028322	0.031781
42114.000000	2.846019	0.000000	0.024187	0.029540
42117.898437	1.383002	0.000000	0.019742	0.025775
42121.699219	0.114210	0.000000	0.017515	0.024186
42125.500000	-1.190499	0.000000	0.015111	0.022516
42129.300781	-2.679810	0.000000	0.012542	0.021164
42133.101562	-4.352842	0.000000	0.008914	0.018168
42136.898437	-6.003002	0.000000	0.004334	0.015493
42140.699219	-7.819410	0.000000	-0.000089	0.010955
42144.500000	-9.463598	0.000000	-0.002450	0.008045
42148.300781	-10.599261	0.000000	-0.004754	0.006449
42152.101562	-12.719491	0.000000	-0.007792	0.004443
42155.898437	-12.701106	0.000000	-0.013274	0.004570
42159.699219	-16.538898	0.000000	-0.019251	-0.001202
42163.500000	-21.145146	0.000000	-0.027528	-0.008267
42167.300781	-27.906896	0.000000	-0.034868	-0.017979
42171.101562	-33.279995	0.000000	-0.041909	-0.023403
42174.898437	-40.635478	0.000000	-0.048642	-0.032354
42178.601562	-42.362780	0.000000	-0.053543	-0.033043
42182.398437	-51.707421	0.000000	-0.060834	-0.047806
42186.199219	-55.008232	0.000000	-0.065836	-0.052856
42190.000000	-67.556632	0.000000	-0.077825	-0.074277
42193.800781	-72.845492	0.000000	-0.086519	-0.079089
42197.601562	-79.705426	0.000000	-0.101151	-0.092596
42201.398437	-77.151766	0.000000	-0.110486	-0.088827
5415.859863	-1.394741	0.000000	-0.000902	-0.000203
5421.859863	-3.859540	0.000000	-0.002755	-0.000369
5427.859863	-5.152348	0.000000	-0.003553	-0.000364
5433.850098	-4.546684	0.000000	-0.002795	-0.000135
5439.819824	-2.317469	0.000000	-0.001175	0.000014
5445.779785	1.644611	0.000000	0.001594	0.000590
5451.729980	2.979326	0.000000	0.002527	0.001011
5457.669922	1.702205	0.000000	0.001126	0.000669
5463.600098	1.320773	0.000000	0.000454	0.000268
5469.510254	0.876493	0.000000	0.000311	-0.000047
5475.410156	0.662585	0.000000	0.000482	-0.000104
5481.299805	0.814658	0.000000	0.001100	0.000251
5487.180176	0.995582	0.000000	0.001425	0.000827
5493.049805	1.021476	0.000000	0.001046	0.000848
5498.899902	1.005499	0.000000	0.000568	0.000580
5504.750000	0.896637	0.000000	0.000264	0.000368
5510.580078	0.900528	0.000000	0.000210	0.000233
5516.399902	0.770660	0.000000	0.000130	-0.000103
5522.200195	0.593622	0.000000	-0.000320	-0.000357
5528.000000	0.500297	0.000000	-0.000599	-0.000390
5533.779785	0.409042	0.000000	-0.000410	-0.000378
5539.549805	0.531438	0.000000	-0.000031	-0.000174
5545.310059	0.781550	0.000000	0.000357	0.000041
5551.049805	0.871417	0.000000	0.000538	0.000057
5556.779785	0.804210	0.000000	0.000307	-0.000145
5562.500000	0.604218	0.000000	-0.000111	-0.000434
5568.209961	0.410695	0.000000	-0.000369	-0.000562
5573.910156	0.242629	0.000000	-0.000211	-0.000538
5579.589844	0.017404	0.000000	0.000108	-0.000497
5585.260254	-0.344642	0.000000	0.000056	-0.000833
5590.919922	-0.584373	0.000000	-0.000168	-0.001291
5596.569824	-0.512419	0.000000	-0.000239	-0.001260
5602.200195	-0.087775	0.000000	-0.000194	-0.000698
5607.819824	0.424166	0.000000	0.000104	0.000084
5613.430176	0.600322	0.000000	0.000307	0.000457
5619.029785	0.466997	0.000000	0.000149	0.000261
5624.609863	0.149428	0.000000	0.000147	0.000030
5630.180176	-0.074149	0.000000	0.000369	0.000076
5635.739746	-0.063473	0.000000	0.000650	0.000397
5641.279785	-0.130293	0.000000	0.000606	0.000651
5646.819824	-0.328650	0.000000	0.000062	0.000543
5652.339844	-0.518359	0.000000	-0.000654	0.000141
5657.839844	-0.737386	0.000000	-0.001253	-0.000247
5663.339844	-0.656241	0.000000	-0.001376	-0.000266
5668.819824	-0.438308	0.000000	-0.000924	-0.000052
5674.290039	-0.256222	0.000000	-0.000392	0.000257
5679.739746	-0.020006	0.000000	-0.000037	0.000525
5685.180176	-0.033112	0.000000	0.000133	0.000323
5690.609863	-0.306246	0.000000	-0.000037	-0.000372
5696.029785	-0.478857	0.000000	-0.000051	-0.000947
5701.430176	-0.689192	0.000000	-0.000127	-0.001442
5706.819824	-0.813871	0.000000	-0.000526	-0.001614
5712.200195	-0.808006	0.000000	-0.001005	-0.001589
5717.560059	-0.793242	0.000000	-0.001208	-0.001440
5722.919922	-0.792737	0.000000	-0.001155	-0.001314
5728.250000	-0.599053	0.000000	-0.000915	-0.001062
5733.580078	-0.271652	0.000000	-0.000535	-0.000614
5738.890137	-0.033126	0.000000	-0.000416	-0.000301
5744.189941	0.091531	0.000000	-0.000459	-0.000190
5749.470215	0.279116	0.000000	-0.000214	0.000036
5754.739746	0.401115	0.000000	0.000195	0.000162
5760.000000	0.433318	0.000000	0.000415	0.000122
5765.239746	0.534067	0.000000	0.000463	0.000110
5770.470215	0.610127	0.000000	0.000216	-0.000015
5775.689941	0.502577	0.000000	-0.000296	-0.000267
5780.899902	0.520543	0.000000	-0.000615	-0.000281
5786.089844	0.587052	0.000000	-0.000692	-0.000310
5791.260254	0.455750	0.000000	-0.000513	-0.000410
5796.430176	0.382878	0.000000	-0.000330	-0.000318
5801.580078	0.453722	0.000000	-0.000182	0.000093
5806.709961	0.489957	0.000000	-0.000127	0.000381
5811.839844	0.440293	0.000000	-0.000227	0.000333
5816.939941	0.408076	0.000000	-0.000089	0.000318
5822.040039	0.357669	0.000000	0.000214	0.000386
5827.120117	0.150794	0.000000	0.000360	0.000307
5832.189941	0.086527	0.000000	0.000564	0.000633
5837.239746	0.261568	0.000000	0.000665	0.000962
5842.279785	0.209373	0.000000	0.000387	0.000626
5847.310059	0.138918	0.000000	0.000207	0.000527
5852.319824	0.174205	0.000000	0.000191	0.000552
5857.319824	-0.036781	0.000000	0.000221	0.000287
5862.299805	-0.161593	0.000000	0.000410	0.000430
5867.270020	0.064450	0.000000	0.000716	0.000943
5872.229980	0.021906	0.000000	0.000819	0.000876
5877.169922	-0.195264	0.000000	0.000724	0.000738
5882.100098	-0.241458	0.000000	0.000682	0.000768
5887.010254	-0.327958	0.000000	0.000719	0.000654
5891.910156	-0.264396	0.000000	0.000459	0.000598
5896.799805	0.019026	0.000000	0.000080	0.000625
5901.669922	-0.095847	0.000000	-0.000311	0.000159
5906.529785	-0.381769	0.000000	-0.000601	-0.000105
5911.370117	-0.339425	0.000000	-0.000392	0.000248
5916.200195	-0.434933	0.000000	-0.000057	0.000202
5921.010254	-0.328289	0.000000	-0.000039	0.000259
5925.810059	-0.023678	0.000000	-0.000109	0.000441
5930.600098	-0.120696	0.000000	-0.000149	0.000063
5935.370117	-0.463433	0.000000	-0.000137	-0.000226
5940.129883	-0.588197	0.000000	0.000035	-0.000183
5944.870117	-0.638356	0.000000	-0.000072	-0.000418
5949.600098	-0.423821	0.000000	-0.000175	-0.000132
5954.310059	-0.016290	0.000000	-0.000213	0.000416
5959.010254	-0.162432	0.000000	-0.000348	0.000068
5963.700195	-0.537125	0.000000	-0.000313	-0.000443
5968.370117	-0.465375	0.000000	-0.000179	-0.000390
5973.020020	-0.257667	0.000000	0.000037	0.000130
5977.660156	-0.157751	0.000000	-0.000246	0.000438
5982.290039	0.123433	0.000000	-0.000304	0.000921
5986.899902	-0.337987	0.000000	0.000168	0.000588
5991.500000	-1.253072	0.000000	0.000385	-0.000450
5996.080078	-1.521594	0.000000	0.000238	-0.000956
51000.601562	-1.887056	0.000000	-0.000253	-0.000862
51005.199219	-1.687721	0.000000	-0.001841	-0.000983
51009.699219	-0.774894	0.000000	-0.002479	-0.000208
51014.199219	-2.663097	0.000000	-0.003093	-0.000667
51081.199219	-2.563133	0.000000	-0.001888	-0.001205
51086.601562	1.394646	0.000000	0.002361	0.000467
51092.000000	3.843104	0.000000	0.005013	0.001754
51097.300781	5.313054	0.000000	0.005583	0.002513
51102.699219	4.923920	0.000000	0.004653	0.002703
51108.101562	0.910190	0.000000	0.001524	0.001228
51113.398437	-0.919401	0.000000	-0.000096	0.000098
51118.699219	0.165651	0.000000	0.000811	0.000544
51124.000000	0.019460	0.000000	0.000594	0.000213
51129.300781	-0.152733	0.000000	0.000417	0.000022
51134.601562	-0.292356	0.000000	0.000407	-0.000014
51139.898437	-0.348774	0.000000	0.000378	-0.000015
51145.199219	-0.328873	0.000000	0.000259	-0.000040
51150.398437	-0.251976	0.000000	-0.000004	-0.000134
51155.699219	-0.219402	0.000000	-0.000349	-0.000323
51160.898437	-0.176035	0.000000	-0.000597	-0.000417
51166.199219	-0.112162	0.000000	-0.000648	-0.000375
51171.398437	-0.008438	0.000000	-0.000571	-0.000194
51176.601562	0.113671	0.000000	-0.000421	0.000051
51181.800781	0.207296	0.000000	-0.000350	0.000234
51187.000000	0.252342	0.000000	-0.000381	0.000319
51192.199219	0.259499	0.000000	-0.000426	0.000301
51197.398437	0.237395	0.000000	-0.000495	0.000234
51202.500000	0.208763	0.000000	-0.000592	0.000121
51207.699219	0.088033	0.000000	-0.000671	-0.000152
51212.800781	-0.049318	0.000000	-0.000653	-0.000400
51218.000000	-0.099111	0.000000	-0.000521	-0.000455
51223.101562	-0.074164	0.000000	-0.000307	-0.000368
51228.300781	-0.027897	0.000000	-0.000151	-0.000253
51233.398437	0.073368	0.000000	-0.000093	-0.000094
51238.500000	0.144232	0.000000	-0.000093	-0.000011
51243.601562	0.213150	0.000000	-0.000074	0.000139
51248.699219	0.300486	0.000000	0.000006	0.000352
51253.800781	0.299793	0.000000	0.000094	0.000408
51258.898437	0.211191	0.000000	0.000169	0.000327
51263.898437	0.076685	0.000000	0.000118	0.000114
51269.000000	0.009490	0.000000	0.000012	-0.000067
51274.101562	0.048736	0.000000	0.000004	-0.000087
51279.101562	0.145106	0.000000	0.000071	-0.000013
51284.199219	0.246712	0.000000	0.000134	0.000095
51289.199219	0.273445	0.000000	0.000182	0.000175
51294.300781	0.221927	0.000000	0.000128	0.000170
51299.300781	0.153912	0.000000	0.000022	0.000106
51304.300781	0.057363	0.000000	-0.000007	0.000017
51309.300781	-0.098767	0.000000	-0.000101	-0.000219
51314.300781	-0.197138	0.000000	-0.000221	-0.000443
51319.398437	-0.208765	0.000000	-0.000242	-0.000513
51324.398437	-0.118309	0.000000	-0.000231	-0.000436
51329.300781	0.023946	0.000000	-0.000241	-0.000353
51334.300781	0.142195	0.000000	-0.000223	-0.000280
51339.300781	0.222589	0.000000	-0.000255	-0.000257
51344.300781	0.170145	0.000000	-0.000310	-0.000357
51349.300781	0.026867	0.000000	-0.000320	-0.000464
51354.199219	-0.216794	0.000000	-0.000435	-0.000721
51359.199219	-0.466717	0.000000	-0.000690	-0.001035
51364.101562	-0.642000	0.000000	-0.000954	-0.001262
51369.101562	-0.634543	0.000000	-0.000965	-0.001195
51374.000000	-0.492276	0.000000	-0.000838	-0.000962
51379.000000	-0.464369	0.000000	-0.000797	-0.000953
51383.898437	-0.807639	0.000000	-0.001015	-0.001552
51388.800781	-1.214613	0.000000	-0.001351	-0.002242
51393.800781	-1.235392	0.000000	-0.001461	-0.002325
51398.699219	-0.889188	0.000000	-0.001159	-0.001836
51403.601562	-0.606243	0.000000	-0.000699	-0.001379
51408.500000	-1.045399	0.000000	-0.000468	-0.001797
51413.398437	-2.111661	0.000000	-0.000630	-0.002973
51418.300781	-2.644295	0.000000	-0.000761	-0.003499
51423.199219	-1.854026	0.000000	-0.000274	-0.002487
51428.101562	-0.167269	0.000000	0.000560	-0.000542
51432.898437	1.588149	0.000000	0.001406	0.001431
51437.800781	2.611673	0.000000	0.001911	0.002560
51442.699219	2.813246	0.000000	0.001872	0.002813
51447.500000	2.754305	0.000000	0.001535	0.002752
51452.398437	2.602203	0.000000	0.001342	0.002604
51457.300781	2.218394	0.000000	0.001119	0.002251
51462.101562	1.639225	0.000000	0.000804	0.001714
51466.898437	0.979823	0.000000	0.000506	0.001092
51471.800781	0.425142	0.000000	0.000184	0.000557
51476.601562	0.096678	0.000000	-0.000108	0.000181
51481.398437	-0.009737	0.000000	-0.000250	0.000073
51486.300781	-0.060600	0.000000	-0.000271	0.000092
51491.101562	-0.097129	0.000000	-0.000213	0.000116
51495.898437	-0.134889	0.000000	-0.000086	0.000116
51500.699219	-0.171828	0.000000	-0.000040	0.000100
51505.500000	-0.219643	0.000000	-0.000128	0.000012
51510.300781	-0.205404	0.000000	-0.000217	0.000010
51515.101562	-0.211881	0.000000	-0.000241	0.000067
51519.898437	-0.216689	0.000000	-0.000168	0.000137
51524.699219	-0.262584	0.000000	-0.000044	0.000178
51529.398437	-0.333337	0.000000	0.000016	0.000197
51534.199219	-0.421721	0.000000	0.000005	0.000128
51539.000000	-0.443678	0.000000	0.000060	0.000121
51543.699219	-0.381517	0.000000	0.000096	0.000175
51548.500000	-0.287212	0.000000	0.000134	0.000218
51553.199219	-0.231152	0.000000	0.000222	0.000255
51558.000000	-0.199956	0.000000	0.000319	0.000317
51562.699219	-0.216370	0.000000	0.000424	0.000358
51567.398437	-0.278978	0.000000	0.000433	0.000276
51572.101562	-0.284428	0.000000	0.000309	0.000125
51576.898437	-0.234231	0.000000	0.000262	0.000091
51581.601562	-0.142834	0.000000	0.000317	0.000203
51586.300781	-0.111007	0.000000	0.000334	0.000212
51591.000000	-0.109859	0.000000	0.000432	0.000235
51595.699219	-0.171364	0.000000	0.000329	0.000137
51600.398437	-0.174964	0.000000	0.000118	0.000023
51605.101562	-0.071169	0.000000	0.000107	0.000151
51609.699219	0.038065	0.000000	0.000217	0.000299
51614.398437	0.077164	0.000000	0.000267	0.000281
51619.101562	0.069781	0.000000	0.000310	0.000222
51623.699219	-0.021372	0.000000	0.000155	0.000101
51628.398437	-0.077622	0.000000	-0.000106	0.000017
51633.000000	-0.053717	0.000000	-0.000196	0.000014
51637.699219	-0.021579	0.000000	-0.000140	-0.000047
51642.300781	0.061102	0.000000	-0.000009	-0.000008
51646.898437	0.195527	0.000000	0.000141	0.000165
51651.500000	0.313544	0.000000	0.000227	0.000394
51656.199219	0.381006	0.000000	0.000265	0.000523
51660.800781	0.444588	0.000000	0.000208	0.000530
51665.398437	0.468211	0.000000	0.000178	0.000467
51670.000000	0.451112	0.000000	0.000178	0.000470
51674.500000	0.302513	0.000000	0.000059	0.000379
51679.101562	0.099117	0.000000	-0.000004	0.000273
51683.699219	-0.151334	0.000000	-0.000089	0.000047
51688.300781	-0.321938	0.000000	-0.000212	-0.000148
51692.800781	-0.339388	0.000000	-0.000163	-0.000152
51697.398437	-0.385927	0.000000	-0.000138	-0.000244
51701.898437	-0.393184	0.000000	-0.000181	-0.000274
51706.500000	-0.276364	0.000000	-0.000175	-0.000159
51711.000000	-0.200916	0.000000	-0.000273	-0.000193
51715.500000	-0.249317	0.000000	-0.000365	-0.000385
51720.000000	-0.283050	0.000000	-0.000329	-0.000499
51724.601562	-0.383732	0.000000	-0.000338	-0.000662
51729.101562	-0.370003	0.000000	-0.000313	-0.000595
51733.601562	-0.152766	0.000000	-0.000218	-0.000275
51738.101562	0.127637	0.000000	0.000005	0.000146
51742.500000	0.359329	0.000000	0.000270	0.000533
51747.000000	0.465255	0.000000	0.000485	0.000754
51751.500000	0.381237	0.000000	0.000583	0.000762
51755.898437	0.202854	0.000000	0.000543	0.000536
51760.398437	0.055569	0.000000	0.000391	0.000185
51764.800781	-0.031233	0.000000	0.000300	-0.000058
51769.300781	-0.036209	0.000000	0.000295	-0.000086
51773.699219	-0.042246	0.000000	0.000259	-0.000077
51778.101562	-0.084196	0.000000	0.000231	-0.000017
51782.500000	-0.089956	0.000000	0.000253	0.000074
51786.898437	-0.046853	0.000000	0.000345	0.000175
51791.300781	-0.085294	0.000000	0.000331	0.000164
51795.699219	-0.115300	0.000000	0.000330	0.000236
51800.101562	-0.063572	0.000000	0.000373	0.000365
51804.500000	-0.055210	0.000000	0.000326	0.000302
51808.898437	-0.107409	0.000000	0.000289	0.000169
51813.199219	-0.155500	0.000000	0.000320	0.000083
51817.601562	-0.276865	0.000000	0.000272	-0.000089
51821.898437	-0.250508	0.000000	0.000252	-0.000058
51826.199219	-0.087467	0.000000	0.000297	0.000198
51830.601562	-0.083280	0.000000	0.000237	0.000156
51834.898437	-0.133715	0.000000	0.000133	0.000041
51839.199219	-0.218588	0.000000	0.000111	-0.000058
51843.500000	-0.269410	0.000000	0.000217	-0.000090
51847.800781	-0.095386	0.000000	0.000253	0.000049
51852.101562	0.099572	0.000000	0.000347	0.000283
51856.398437	0.211326	0.000000	0.000401	0.000452
51860.601562	0.295325	0.000000	0.000330	0.000529
51864.898437	0.354769	0.000000	0.000398	0.000588
51869.101562	0.305975	0.000000	0.000461	0.000449
51873.398437	0.227833	0.000000	0.000358	0.000138
51877.601562	0.298923	0.000000	0.000428	0.000132
51881.898437	0.480037	0.000000	0.000699	0.000486
51886.101562	0.618304	0.000000	0.001009	0.000848
51890.300781	0.552764	0.000000	0.001421	0.001107
51894.500000	0.023556	0.000000	0.001603	0.000789
51898.699219	-1.048939	0.000000	0.001305	-0.000271
51902.898437	-2.309687	0.000000	0.000774	-0.001564
51907.000000	-3.300272	0.000000	0.000259	-0.002578
51911.199219	-3.544051	0.000000	-0.000110	-0.002851
51915.398437	-2.729927	0.000000	-0.000039	-0.001985
51919.500000	-1.075164	0.000000	0.000378	-0.000314
51923.699219	0.646437	0.000000	0.000742	0.001325
51927.800781	1.791745	0.000000	0.000927	0.002286
51931.898437	2.256020	0.000000	0.000943	0.002532
51936.101562	2.199449	0.000000	0.000849	0.002372
51940.199219	1.870603	0.000000	0.000669	0.001941
51944.300781	1.499576	0.000000	0.000448	0.001435
51948.398437	1.095290	0.000000	0.000240	0.000927
51952.500000	0.723471	0.000000	0.000121	0.000523
51956.601562	0.555829	0.000000	0.000073	0.000318
51960.601562	0.454399	0.000000	0.000033	0.000229
51964.699219	0.374132	0.000000	-0.000006	0.000135
51968.800781	0.354392	0.000000	-0.000058	0.000083
51972.800781	0.272156	0.000000	-0.000175	-0.000043
51976.800781	0.265225	0.000000	-0.000159	0.000028
51980.898437	0.352828	0.000000	-0.000111	0.000155
51984.898437	0.354385	0.000000	-0.000153	0.000113
51988.898437	0.358587	0.000000	-0.000135	0.000104
51992.898437	0.448567	0.000000	-0.000081	0.000221
51996.898437	0.459809	0.000000	-0.000162	0.000221
52000.898437	0.479120	0.000000	-0.000222	0.000268
52004.898437	0.479988	0.000000	-0.000229	0.000326
52008.898437	0.357233	0.000000	-0.000205	0.000276
52012.898437	0.250752	0.000000	-0.000201	0.000276
52016.898437	0.160609	0.000000	-0.000225	0.000222
52020.800781	0.107524	0.000000	-0.000223	0.000128
52024.800781	0.193736	0.000000	-0.000231	0.000135
52028.699219	0.190600	0.000000	-0.000330	0.000047
52032.699219	0.164517	0.000000	-0.000354	0.000025
52036.601562	0.096038	0.000000	-0.000429	-0.000042
52040.500000	-0.031448	0.000000	-0.000555	-0.000150
52044.398437	-0.121274	0.000000	-0.000505	-0.000134
52048.398437	-0.125018	0.000000	-0.000578	-0.000164
52052.300781	-0.182668	0.000000	-0.000719	-0.000297
52056.199219	-0.145874	0.000000	-0.000707	-0.000318
52060.101562	-0.095813	0.000000	-0.000661	-0.000364
52063.898437	-0.139939	0.000000	-0.000562	-0.000373
52067.800781	-0.185670	0.000000	-0.000467	-0.000337
52071.699219	-0.342441	0.000000	-0.000618	-0.000525
52075.601562	-0.513570	0.000000	-0.000735	-0.000824
52079.398437	-0.505235	0.000000	-0.000770	-0.000907
52083.300781	-0.388599	0.000000	-0.000790	-0.000737
52087.199219	-0.372416	0.000000	-0.000655	-0.000566
52091.000000	-0.389194	0.000000	-0.000492	-0.000481
52094.898437	-0.471947	0.000000	-0.000425	-0.000467
52098.699219	-0.530931	0.000000	-0.000389	-0.000528
52102.500000	-0.420220	0.000000	-0.000455	-0.000452
52106.398437	-0.378386	0.000000	-0.000598	-0.000520
52110.199219	-0.373395	0.000000	-0.000771	-0.000584
52114.000000	-0.312470	0.000000	-0.000856	-0.000600
52117.898437	-0.269720	0.000000	-0.000656	-0.000534
52121.699219	-0.255043	0.000000	-0.000461	-0.000319
52125.500000	-0.271214	0.000000	-0.000489	-0.000292
52129.300781	-0.311333	0.000000	-0.000623	-0.000430
52133.101562	-0.332741	0.000000	-0.000819	-0.000568
52136.898437	-0.341833	0.000000	-0.000894	-0.000711
52140.699219	-0.345974	0.000000	-0.000685	-0.000747
52144.500000	-0.277818	0.000000	-0.000468	-0.000444
52148.300781	-0.326329	0.000000	-0.000535	-0.000366
52152.101562	-0.210106	0.000000	-0.000849	-0.000183
52155.898437	-0.377666	0.000000	-0.001142	-0.000555
52159.699219	-0.852684	0.000000	-0.001433	-0.001294
52163.500000	-1.138094	0.000000	-0.001563	-0.001678
52167.300781	-1.215313	0.000000	-0.001438	-0.001512
52171.101562	-1.262505	0.000000	-0.001366	-0.001420
52174.898437	-0.915298	0.000000	-0.001165	-0.000974
52178.601562	-1.098857	0.000000	-0.001215	-0.001534
52182.398437	-1.265980	0.000000	-0.001228	-0.001979
52186.199219	-1.584133	0.000000	-0.001701	-0.002649
52190.000000	-1.787470	0.000000	-0.002065	-0.002625
52193.800781	-1.214951	0.000000	-0.002332	-0.001832
52197.601562	-0.427889	0.000000	-0.002395	-0.000966
52201.398437	0.260680	0.000000	-0.000926	0.000379
6415.859863	-0.248758	0.000000	-0.000181	-0.000025
6421.859863	-0.379776	0.000000	-0.000265	-0.000028
6427.859863	-0.074078	0.000000	-0.000009	0.000012
6433.850098	0.280171	0.000000	0.000234	0.000032
6439.819824	0.612490	0.000000	0.000430	0.000056
6445.779785	0.532351	0.000000	0.000371	0.000106
6451.729980	0.002289	0.000000	-0.000048	-0.000003
6457.669922	-0.177874	0.000000	-0.000215	-0.000096
6463.600098	-0.079371	0.000000	-0.000073	-0.000066
6469.510254	-0.070681	0.000000	-0.000000	-0.000039
6475.410156	-0.007181	0.000000	0.000073	0.000027
6481.299805	0.033875	0.000000	0.000093	0.000096
6487.180176	0.021858	0.000000	-0.000007	0.000068
6493.049805	-0.001406	0.000000	-0.000088	-0.000028
6498.899902	-0.013615	0.000000	-0.000078	-0.000053
6504.750000	-0.013839	0.000000	-0.000034	-0.000041
6510.580078	-0.008926	0.000000	-0.000009	-0.000040
6516.399902	-0.027415	0.000000	-0.000046	-0.000054
6522.200195	-0.022772	0.000000	-0.000077	-0.000021
6528.000000	-0.022322	0.000000	-0.000014	-0.000006
6533.779785	-0.002605	0.000000	0.000050	0.000018
6539.549805	0.035670	0.000000	0.000073	0.000036
6545.310059	0.030071	0.000000	0.000059	0.000024
6551.049805	0.011555	0.000000	-0.000002	-0.000010
6556.779785	-0.029468	0.000000	-0.000065	-0.000053
6562.500000	-0.042906	0.000000	-0.000065	-0.000044
6568.209961	-0.031534	0.000000	-0.000012	-0.000007
6573.910156	-0.032593	0.000000	0.000048	0.000017
6579.589844	-0.053913	0.000000	0.000029	-0.000016
6585.260254	-0.060055	0.000000	-0.000023	-0.000076
6590.919922	-0.009305	0.000000	-0.000024	-0.000028
6596.569824	0.056160	0.000000	0.000003	0.000069
6602.200195	0.099236	0.000000	0.000043	0.000145
6607.819824	0.067090	0.000000	0.000048	0.000115
6613.430176	0.000244	0.000000	0.000001	0.000009
6619.029785	-0.048006	0.000000	-0.000013	-0.000051
6624.609863	-0.050940	0.000000	0.000022	-0.000016
6630.180176	-0.014840	0.000000	0.000049	0.000042
6635.739746	-0.014455	0.000000	0.000014	0.000041
6641.279785	-0.029222	0.000000	-0.000055	0.000012
6646.819824	-0.032047	0.000000	-0.000125	-0.000046
6652.339844	-0.041934	0.000000	-0.000135	-0.000075
6657.839844	-0.016971	0.000000	-0.000079	-0.000044
6663.339844	0.023465	0.000000	0.000026	0.000013
6668.819824	0.036784	0.000000	0.000092	0.000051
6674.290039	0.041706	0.000000	0.000090	0.000055
6679.739746	0.020602	0.000000	0.000054	0.000006
6685.180176	-0.026208	0.000000	0.000003	-0.000088
6690.609863	-0.042867	0.000000	-0.000015	-0.000121
6696.029785	-0.037031	0.000000	-0.000007	-0.000103
6701.430176	-0.030218	0.000000	-0.000045	-0.000062
6706.819824	-0.017849	0.000000	-0.000094	-0.000021
6712.200195	0.006632	0.000000	-0.000063	0.000027
6717.560059	0.001753	0.000000	-0.000015	0.000028
6722.919922	0.018743	0.000000	0.000035	0.000036
6728.250000	0.044245	0.000000	0.000057	0.000057
6733.580078	0.058626	0.000000	0.000057	0.000082
6738.890137	0.037072	0.000000	0.000005	0.000048
6744.189941	0.033749	0.000000	0.000028	0.000039
6749.470215	0.028761	0.000000	0.000068	0.000035
6754.739746	0.004868	0.000000	0.000055	-0.000007
6760.000000	0.011922	0.000000	0.000025	-0.000005
6765.239746	0.010923	0.000000	-0.000016	-0.000019
6770.470215	-0.002317	0.000000	-0.000075	-0.000030
6775.689941	-0.008496	0.000000	-0.000084	-0.000024
6780.899902	0.002189	0.000000	-0.000040	-0.000016
6786.089844	-0.003798	0.000000	0.000013	-0.000014
6791.260254	-0.017148	0.000000	0.000041	0.000006
6796.430176	-0.005598	0.000000	0.000027	0.000044
6801.580078	0.010921	0.000000	0.000020	0.000068
6806.709961	-0.004878	0.000000	-0.000013	0.000014
6811.839844	-0.003993	0.000000	0.000003	-0.000003
6816.939941	-0.008261	0.000000	0.000050	0.000012
6822.040039	-0.022685	0.000000	0.000056	0.000003
6827.120117	-0.031736	0.000000	0.000032	0.000013
6832.189941	0.010969	0.000000	0.000037	0.000070
6837.239746	0.014877	0.000000	-0.000019	0.000006
6842.279785	-0.018295	0.000000	-0.000045	-0.000055
6847.310059	0.001911	0.000000	-0.000024	-0.000002
6852.319824	-0.015327	0.000000	-0.000006	-0.000021
6857.319824	-0.035694	0.000000	0.000022	-0.000015
6862.299805	0.009533	0.000000	0.000055	0.000069
6867.270020	0.014109	0.000000	0.000035	0.000036
6872.229980	-0.019897	0.000000	0.000007	-0.000013
6877.169922	-0.029903	0.000000	-0.000012	-0.000015
6882.100098	-0.016244	0.000000	0.000001	-0.000014
6887.010254	-0.006556	0.000000	-0.000031	-0.000027
6891.910156	0.027457	0.000000	-0.000068	-0.000013
6896.799805	0.014342	0.000000	-0.000077	-0.000055
6901.669922	-0.038731	0.000000	-0.000063	-0.000080
6906.529785	-0.027675	0.000000	-0.000010	0.000001
6911.370117	-0.001309	0.000000	0.000060	0.000040
6916.200195	0.010945	0.000000	0.000037	0.000016
6921.010254	0.037528	0.000000	-0.000007	0.000010
6925.810059	0.017784	0.000000	-0.000005	-0.000021
6930.600098	-0.049356	0.000000	-0.000001	-0.000074
6935.370117	-0.047880	0.000000	0.000016	-0.000028
6940.129883	-0.017950	0.000000	0.000005	-0.000015
6944.870117	0.013976	0.000000	-0.000025	-0.000003
6949.600098	0.063589	0.000000	-0.000010	0.000080
6954.310059	0.023523	0.000000	-0.000017	0.000016
6959.010254	-0.055249	0.000000	-0.000008	-0.000092
6963.700195	-0.028814	0.000000	0.000010	-0.000042
6968.370117	0.025646	0.000000	0.000037	0.000054
6973.020020	0.024842	0.000000	-0.000015	0.000074
6977.660156	0.033675	0.000000	-0.000034	0.000073
6982.290039	-0.016324	0.000000	0.000039	0.000017
6986.899902	-0.144927	0.000000	0.000061	-0.000147
6991.500000	-0.118210	0.000000	0.000003	-0.000161
6996.080078	-0.068198	0.000000	-0.000070	-0.000049
61000.601562	-0.017164	0.000000	-0.000209	-0.000002
61005.199219	0.108234	0.000000	-0.000230	0.000057
61009.699219	-0.101415	0.000000	-0.000128	0.000024
61014.199219	-0.172182	0.000000	0.000064	-0.000096
61081.199219	0.402651	0.000000	0.000538	0.000108
61086.601562	0.635288	0.000000	0.000681	0.000290
61092.000000	0.392859	0.000000	0.000322	0.000206
61097.300781	0.107274	0.000000	-0.000037	0.000094
61102.699219	-0.436571	0.000000	-0.000406	-0.000121
61108.101562	-0.576129	0.000000	-0.000469	-0.000251
61113.398437	-0.072752	0.000000	-0.000068	-0.000066
61118.699219	0.095817	0.000000	0.000064	0.000011
61124.000000	-0.042759	0.000000	-0.000044	-0.000066
61129.300781	-0.024226	0.000000	-0.000015	-0.000008
61134.601562	-0.022104	0.000000	-0.000005	-0.000008
61139.898437	0.006107	0.000000	-0.000011	0.000013
61145.199219	0.006148	0.000000	-0.000045	-0.000020
61150.398437	0.019683	0.000000	-0.000060	-0.000020
61155.699219	0.008063	0.000000	-0.000060	-0.000029
61160.898437	0.009883	0.000000	-0.000032	-0.000010
61166.199219	0.010740	0.000000	0.000004	0.000013
61171.398437	0.013744	0.000000	0.000014	0.000032
61176.601562	0.025026	0.000000	0.000023	0.000051
61181.800781	0.012871	0.000000	0.000007	0.000030
61187.000000	0.007678	0.000000	-0.000009	0.000005
61192.199219	-0.005385	0.000000	-0.000006	-0.000007
61197.398437	-0.009354	0.000000	-0.000015	-0.000026
61202.500000	-0.022387	0.000000	-0.000014	-0.000049
61207.699219	-0.030950	0.000000	-0.000014	-0.000066
61212.800781	-0.020850	0.000000	0.000009	-0.000035
61218.000000	-0.004584	0.000000	0.000030	0.000002
61223.101562	0.010863	0.000000	0.000037	0.000021
61228.300781	0.015097	0.000000	0.000018	0.000024
61233.398437	0.021075	0.000000	0.000009	0.000037
61238.500000	0.018455	0.000000	0.000002	0.000028
61243.601562	0.012891	0.000000	0.000001	0.000028
61248.699219	0.011314	0.000000	0.000020	0.000029
61253.800781	-0.007963	0.000000	0.000027	-0.000001
61258.898437	-0.023342	0.000000	-0.000001	-0.000034
61263.898437	-0.022828	0.000000	-0.000019	-0.000047
61269.000000	-0.002698	0.000000	-0.000011	-0.000017
61274.101562	0.012592	0.000000	0.000006	0.000008
61279.101562	0.015637	0.000000	0.000011	0.000014
61284.199219	0.018711	0.000000	0.000011	0.000028
61289.199219	0.000097	0.000000	0.000002	0.000011
61294.300781	-0.012589	0.000000	-0.000014	-0.000012
61299.300781	-0.013430	0.000000	-0.000014	-0.000013
61304.300781	-0.029407	0.000000	-0.000021	-0.000042
61309.300781	-0.022312	0.000000	-0.000014	-0.000036
61314.300781	-0.008826	0.000000	-0.000013	-0.000025
61319.398437	0.009987	0.000000	-0.000001	0.000002
61324.398437	0.020002	0.000000	-0.000003	0.000012
61329.300781	0.028202	0.000000	-0.000005	0.000015
61334.300781	0.017809	0.000000	-0.000006	0.000009
61339.300781	0.002052	0.000000	-0.000009	-0.000005
61344.300781	-0.026258	0.000000	-0.000000	-0.000022
61349.300781	-0.036908	0.000000	-0.000014	-0.000039
61354.199219	-0.045657	0.000000	-0.000035	-0.000049
61359.199219	-0.046658	0.000000	-0.000058	-0.000050
61364.101562	-0.025805	0.000000	-0.000028	-0.000027
61369.101562	0.019794	0.000000	0.000010	0.000036
61374.000000	0.018876	0.000000	0.000013	0.000028
61379.000000	-0.036456	0.000000	-0.000014	-0.000064
61383.898437	-0.073419	0.000000	-0.000051	-0.000124
61388.800781	-0.043653	0.000000	-0.000040	-0.000073
61393.800781	0.037107	0.000000	0.000015	0.000044
61398.699219	0.059534	0.000000	0.000077	0.000093
61403.601562	-0.015330	0.000000	0.000066	0.000004
61408.500000	-0.153431	0.000000	0.000008	-0.000163
61413.398437	-0.157001	0.000000	-0.000025	-0.000163
61418.300781	0.022781	0.000000	0.000042	0.000044
61423.199219	0.255882	0.000000	0.000136	0.000314
61428.101562	0.346782	0.000000	0.000167	0.000396
61432.898437	0.276970	0.000000	0.000134	0.000307
61437.800781	0.118234	0.000000	0.000045	0.000130
61442.699219	0.016192	0.000000	-0.000041	0.000023
61447.500000	-0.012579	0.000000	-0.000049	-0.000007
61452.398437	-0.054158	0.000000	-0.000046	-0.000055
61457.300781	-0.107282	0.000000	-0.000057	-0.000104
61462.101562	-0.124210	0.000000	-0.000060	-0.000120
61466.898437	-0.121137	0.000000	-0.000061	-0.000123
61471.800781	-0.093191	0.000000	-0.000063	-0.000102
61476.601562	-0.046189	0.000000	-0.000044	-0.000056
61481.398437	-0.021682	0.000000	-0.000020	-0.000022
61486.300781	-0.006681	0.000000	0.000007	0.000010
61491.101562	-0.010568	0.000000	0.000018	-0.000001
61495.898437	-0.011232	0.000000	0.000015	-0.000004
61500.699219	-0.004848	0.000000	0.000006	-0.000005
61505.500000	-0.009787	0.000000	-0.000024	-0.000020
61510.300781	0.005174	0.000000	-0.000009	0.000017
61515.101562	-0.002172	0.000000	0.000004	0.000007
61519.898437	-0.005358	0.000000	0.000025	0.000012
61524.699219	-0.005146	0.000000	0.000021	0.000021
61529.398437	-0.014867	0.000000	0.000004	-0.000007
61534.199219	-0.003863	0.000000	0.000005	-0.000004
61539.000000	0.008162	0.000000	0.000017	0.000014
61543.699219	0.017141	0.000000	0.000013	0.000014
61548.500000	0.017822	0.000000	0.000004	0.000006
61553.199219	0.007624	0.000000	0.000016	0.000007
61558.000000	0.005956	0.000000	0.000023	0.000023
61562.699219	-0.003298	0.000000	0.000009	0.000001
61567.398437	-0.010333	0.000000	-0.000014	-0.000025
61572.101562	0.000048	0.000000	-0.000013	-0.000022
61576.898437	0.013801	0.000000	-0.000003	0.000013
61581.601562	0.007304	0.000000	0.000000	0.000003
61586.300781	0.003930	0.000000	0.000014	0.000000
61591.000000	-0.002430	0.000000	-0.000008	0.000002
61595.699219	-0.002815	0.000000	-0.000028	-0.000018
61600.398437	0.006923	0.000000	-0.000025	-0.000008
61605.101562	0.031062	0.000000	0.000011	0.000048
61609.699219	0.016973	0.000000	0.000010	0.000017
61614.398437	-0.001097	0.000000	0.000012	-0.000006
61619.101562	-0.009394	0.000000	-0.000006	-0.000016
61623.699219	-0.012854	0.000000	-0.000041	-0.000021
61628.398437	0.003240	0.000000	-0.000035	0.000001
61633.000000	0.001782	0.000000	-0.000008	-0.000009
61637.699219	0.012994	0.000000	0.000017	0.000001
61642.300781	0.028430	0.000000	0.000031	0.000035
61646.898437	0.029855	0.000000	0.000031	0.000045
61651.500000	0.023425	0.000000	0.000023	0.000050
61656.199219	0.018173	0.000000	-0.000004	0.000018
61660.800781	0.013370	0.000000	-0.000006	0.000003
61665.398437	-0.000427	0.000000	-0.000004	-0.000010
61670.000000	-0.021882	0.000000	-0.000010	-0.000016
61674.500000	-0.038057	0.000000	-0.000023	-0.000025
61679.101562	-0.051176	0.000000	-0.000019	-0.000038
61683.699219	-0.042459	0.000000	-0.000016	-0.000036
61688.300781	-0.019692	0.000000	-0.000009	-0.000018
61692.800781	-0.011868	0.000000	-0.000002	-0.000025
61697.398437	0.000135	0.000000	0.000006	-0.000003
61701.898437	0.014629	0.000000	-0.000002	0.000012
61706.500000	0.014938	0.000000	-0.000013	-0.000002
61711.000000	0.004234	0.000000	-0.000018	-0.000020
61715.500000	-0.006826	0.000000	0.000000	-0.000029
61720.000000	-0.010924	0.000000	0.000004	-0.000020
61724.601562	-0.014893	0.000000	0.000003	-0.000017
61729.101562	0.024388	0.000000	0.000009	0.000044
61733.601562	0.052698	0.000000	0.000036	0.000078
61738.101562	0.045804	0.000000	0.000043	0.000071
61742.500000	0.032804	0.000000	0.000046	0.000055
61747.000000	0.003531	0.000000	0.000029	0.000025
61751.500000	-0.018762	0.000000	0.000007	-0.000016
61755.898437	-0.031210	0.000000	-0.000019	-0.000050
61760.398437	-0.021077	0.000000	-0.000020	-0.000058
61764.800781	-0.010590	0.000000	-0.000010	-0.000031
61769.300781	-0.009972	0.000000	-0.000011	-0.000012
61773.699219	0.005195	0.000000	-0.000006	0.000018
61778.101562	-0.000656	0.000000	-0.000005	0.000016
61782.500000	0.009869	0.000000	0.000017	0.000035
61786.898437	-0.002256	0.000000	0.000006	0.000003
61791.300781	-0.014022	0.000000	-0.000007	-0.000004
61795.699219	0.004917	0.000000	0.000015	0.000029
61800.101562	0.017435	0.000000	0.000005	0.000026
61804.500000	-0.007510	0.000000	-0.000007	-0.000022
61808.898437	-0.018568	0.000000	-0.000007	-0.000040
61813.199219	-0.015462	0.000000	-0.000007	-0.000025
61817.601562	-0.007682	0.000000	-0.000005	-0.000011
61821.898437	0.017236	0.000000	0.000008	0.000022
61826.199219	0.019899	0.000000	-0.000002	0.000024
61830.601562	-0.003013	0.000000	-0.000017	-0.000015
61834.898437	-0.010036	0.000000	-0.000007	-0.000012
61839.199219	-0.010066	0.000000	0.000007	-0.000014
61843.500000	0.015734	0.000000	0.000009	0.000010
61847.800781	0.031396	0.000000	0.000016	0.000034
61852.101562	0.033462	0.000000	0.000023	0.000048
61856.398437	0.022855	0.000000	-0.000006	0.000029
61860.601562	0.009352	0.000000	-0.000002	0.000006
61864.898437	0.002669	0.000000	0.000012	-0.000005
61869.101562	-0.009175	0.000000	-0.000004	-0.000040
61873.398437	0.001313	0.000000	-0.000007	-0.000026
61877.601562	0.029680	0.000000	0.000047	0.000050
61881.898437	0.028370	0.000000	0.000053	0.000066
61886.101562	0.004172	0.000000	0.000061	0.000052
61890.300781	-0.065749	0.000000	0.000063	-0.000014
61894.500000	-0.157208	0.000000	-0.000009	-0.000131
61898.699219	-0.233250	0.000000	-0.000081	-0.000235
61902.898437	-0.220804	0.000000	-0.000106	-0.000228
61907.000000	-0.117457	0.000000	-0.000080	-0.000118
61911.199219	0.063154	0.000000	-0.000028	0.000067
61915.398437	0.250404	0.000000	0.000052	0.000263
61919.500000	0.341939	0.000000	0.000084	0.000333
61923.699219	0.274598	0.000000	0.000046	0.000248
61927.800781	0.166506	0.000000	0.000022	0.000131
61931.898437	0.043196	0.000000	-0.000006	0.000018
61936.101562	-0.044500	0.000000	-0.000039	-0.000071
61940.199219	-0.069617	0.000000	-0.000031	-0.000087
61944.300781	-0.078953	0.000000	-0.000045	-0.000101
61948.398437	-0.071906	0.000000	-0.000027	-0.000088
61952.500000	-0.053347	0.000000	-0.000017	-0.000059
61956.601562	-0.025370	0.000000	-0.000011	-0.000025
61960.601562	-0.022449	0.000000	-0.000008	-0.000022
61964.699219	-0.015859	0.000000	-0.000011	-0.000026
61968.800781	-0.021238	0.000000	-0.000026	-0.000035
61972.800781	-0.012158	0.000000	-0.000015	-0.000010
61976.800781	0.005443	0.000000	0.000004	0.000015
61980.898437	0.004625	0.000000	-0.000004	0.000006
61984.898437	0.008124	0.000000	0.000007	0.000006
61988.898437	0.011837	0.000000	0.000012	0.000008
61992.898437	0.010933	0.000000	0.000005	0.000018
61996.898437	-0.001024	0.000000	-0.000012	-0.000009
62000.898437	0.002201	0.000000	-0.000001	0.000017
62004.898437	-0.002365	0.000000	0.000012	0.000018
62008.898437	-0.030485	0.000000	0.000004	-0.000017
62012.898437	-0.021458	0.000000	-0.000004	-0.000006
62016.898437	-0.021386	0.000000	-0.000004	-0.000021
62020.800781	-0.000521	0.000000	0.000001	-0.000007
62024.800781	0.006834	0.000000	-0.000004	-0.000014
62028.699219	-0.002419	0.000000	-0.000006	-0.000005
62032.699219	-0.003681	0.000000	-0.000005	0.000003
62036.601562	-0.015508	0.000000	-0.000019	-0.000017
62040.500000	-0.024948	0.000000	-0.000008	-0.000018
62044.398437	-0.012463	0.000000	-0.000011	-0.000008
62048.398437	-0.013161	0.000000	-0.000019	-0.000021
62052.300781	0.002608	0.000000	-0.000012	-0.000009
62056.199219	0.000181	0.000000	-0.000004	-0.000019
62060.101562	-0.005515	0.000000	0.000012	-0.000014
62063.898437	-0.013166	0.000000	0.000016	-0.000004
62067.800781	-0.017378	0.000000	-0.000003	-0.000013
62071.699219	-0.033644	0.000000	-0.000025	-0.000051
62075.601562	-0.008322	0.000000	-0.000014	-0.000025
62079.398437	0.005440	0.000000	-0.000006	-0.000004
62083.300781	0.016940	0.000000	0.000012	0.000035
62087.199219	0.003416	0.000000	0.000040	0.000032
62091.000000	-0.008751	0.000000	0.000027	0.000012
62094.898437	-0.010405	0.000000	0.000015	0.000002
62098.699219	0.001973	0.000000	-0.000001	-0.000008
62102.500000	0.014785	0.000000	-0.000019	0.000001
62106.398437	0.007034	0.000000	-0.000034	-0.000010
62110.199219	0.006715	0.000000	-0.000022	-0.000004
62114.000000	0.015162	0.000000	0.000007	0.000011
62117.898437	0.004463	0.000000	0.000040	0.000032
62121.699219	-0.003767	0.000000	0.000013	0.000021
62125.500000	-0.008704	0.000000	-0.000024	-0.000020
62129.300781	-0.002077	0.000000	-0.000036	-0.000025
62133.101562	0.005332	0.000000	-0.000023	-0.000015
62136.898437	-0.003055	0.000000	0.000010	-0.000025
62140.699219	-0.001102	0.000000	0.000041	0.000013
62144.500000	0.003570	0.000000	0.000013	0.000040
62148.300781	0.002909	0.000000	-0.000041	0.000019
62152.101562	-0.014715	0.000000	-0.000065	-0.000038
62155.898437	-0.064874	0.000000	-0.000051	-0.000109
62159.699219	-0.078982	0.000000	-0.000048	-0.000121
62163.500000	-0.038141	0.000000	-0.000002	-0.000026
62167.300781	-0.011547	0.000000	0.000018	0.000032
62171.101562	0.029756	0.000000	0.000032	0.000059
62174.898437	0.015208	0.000000	0.000012	-0.000012
62178.601562	-0.035077	0.000000	-0.000012	-0.000108
62182.398437	-0.051887	0.000000	-0.000048	-0.000116
62186.199219	-0.051889	0.000000	-0.000083	-0.000063
62190.000000	0.041326	0.000000	-0.000055	0.000091
62193.800781	0.132338	0.000000	-0.000029	0.000154
62197.601562	0.142291	0.000000	0.000139	0.000212
62201.398437	0.066785	0.000000	0.000145	0.000131
