Lambda	b	b0	p	w
3415.860107	-17.963367	0.000040	0.110796	0.097862
3421.860107	-39.495457	0.000000	0.102691	0.027133
3427.860107	-21.544309	0.000000	0.106418	0.048361
3433.850098	-32.206632	0.000000	0.097831	0.019886
3439.820068	-20.288580	0.000000	0.097060	0.036660
3445.780029	-8.878316	0.000000	0.095111	0.039432
3451.729980	-26.411968	0.000000	0.086681	0.016001
3457.669922	-16.082205	0.000000	0.069816	0.024491
3463.600098	-15.512561	0.000000	0.074627	0.024368
3469.510010	-11.168550	0.000000	0.077813	0.025278
3475.409912	-12.717494	0.000000	0.074796	0.015107
3481.300049	-13.092183	0.000000	0.074648	0.012570
3487.179932	-8.457086	0.000000	0.081586	0.021401
3493.050049	-8.560314	0.000000	0.071426	0.017539
3498.899902	-11.339257	0.000000	0.074207	0.011497
3504.750000	1.329989	0.000000	0.066550	0.032615
3510.580078	-5.573455	0.000000	0.059155	0.017753
3516.399902	-0.970422	0.000000	0.058683	0.032791
3522.199951	-2.306758	0.000000	0.049610	0.030533
3528.000000	1.735225	0.000000	0.047435	0.035590
3533.780029	1.144871	0.000000	0.046759	0.033254
3539.550049	4.460660	0.000000	0.041494	0.035575
3545.310059	3.447857	0.000000	0.042080	0.035840
3551.050049	2.970066	0.000000	0.036701	0.035855
3556.780029	4.962149	0.000000	0.032058	0.037880
3562.500000	4.564800	0.000000	0.029949	0.040650
3568.209961	7.275642	0.000000	0.033442	0.046934
3573.909912	4.360661	0.000000	0.036370	0.043194
3579.590088	4.734644	0.000000	0.033061	0.048238
3585.260010	0.320015	0.000000	0.024307	0.044411
3590.919922	2.095834	0.000000	0.029589	0.046672
3596.570068	5.422958	0.000000	0.035228	0.049125
3602.199951	9.004884	0.000000	0.028750	0.055737
3607.820068	9.104858	0.000000	0.037483	0.057985
3613.429932	12.142578	0.000000	0.033964	0.061384
3619.030029	10.210846	0.000000	0.039488	0.057023
3624.610107	9.712634	0.000000	0.048442	0.056927
3630.179932	13.046672	0.000000	0.043825	0.060992
3635.739990	12.239084	0.000000	0.057994	0.063156
3641.280029	13.686272	0.000000	0.057008	0.064355
3646.820068	17.631159	0.000000	0.059754	0.075849
3652.340088	17.356589	0.000000	0.060517	0.073520
3657.840088	19.202992	0.000000	0.061347	0.076124
3663.340088	20.102729	0.000000	0.069417	0.071344
3668.820068	21.295779	0.000000	0.073284	0.070724
3674.290039	22.180154	0.000000	0.074810	0.068313
3679.739990	12.849980	0.000000	0.068995	0.044535
3685.179932	4.509879	0.000000	0.058838	0.024696
3690.610107	-4.273600	0.000000	0.045730	0.004911
3696.030029	-6.509425	0.000000	0.031112	-0.005957
3701.429932	-9.187972	0.000000	0.024442	-0.010344
3706.820068	-13.799500	0.000000	0.013540	-0.019763
3712.199951	-14.599215	0.000000	0.005855	-0.024380
3717.560059	-17.508386	0.000000	0.002596	-0.032479
3722.919922	-19.150384	0.000000	-0.002549	-0.038269
3728.250000	-16.911053	0.000000	-0.007441	-0.037203
3733.580078	-17.452133	0.000000	-0.010634	-0.040182
3738.889893	-18.410662	0.000000	-0.017560	-0.046232
3744.189941	-19.301655	0.000000	-0.017831	-0.052798
3749.469971	-18.753763	0.000000	-0.021417	-0.056833
3754.739990	-17.653652	0.000000	-0.030230	-0.060750
3760.000000	-18.737984	0.000000	-0.034275	-0.067808
3765.239990	-17.500587	0.000000	-0.042974	-0.070753
3770.469971	-12.972235	0.000000	-0.050621	-0.067430
3775.689941	-11.474800	0.000000	-0.055922	-0.064708
3780.899902	-10.294628	0.000000	-0.060548	-0.067202
3786.090088	-10.297062	0.000000	-0.070360	-0.070559
3791.260010	-6.802751	0.000000	-0.067312	-0.065855
3796.429932	-4.477349	0.000000	-0.069304	-0.063907
3801.580078	-5.263495	0.000000	-0.066158	-0.067802
3806.709961	-4.881069	0.000000	-0.078090	-0.069626
3811.840088	-4.249246	0.000000	-0.074742	-0.069620
3816.939941	-4.281176	0.000000	-0.080687	-0.076875
3822.040039	-3.176834	0.000000	-0.081035	-0.073329
3827.120117	-6.791074	0.000000	-0.084072	-0.080722
3832.189941	0.221666	0.000000	-0.076575	-0.073185
3837.239990	-1.311343	0.000000	-0.089592	-0.078212
3842.280029	4.742330	0.000000	-0.087191	-0.069600
3847.310059	8.127157	0.000000	-0.091178	-0.064885
3852.320068	7.955639	0.000000	-0.087473	-0.065248
3857.320068	4.915438	0.000000	-0.085522	-0.068744
3862.300049	6.500974	0.000000	-0.078447	-0.062135
3867.270020	17.585533	0.000000	-0.072635	-0.049063
3872.229980	13.091669	0.000000	-0.069059	-0.051554
3877.169922	15.655887	0.000000	-0.067086	-0.049211
3882.100098	13.706930	0.000000	-0.072479	-0.052895
3887.010010	13.295323	0.000000	-0.067374	-0.051969
3891.909912	19.980882	0.000000	-0.074174	-0.044801
3896.800049	19.044402	0.000000	-0.077201	-0.046576
3901.669922	15.378078	0.000000	-0.072366	-0.049128
3906.530029	17.210654	0.000000	-0.063976	-0.041084
3911.370117	21.850888	0.000000	-0.058469	-0.035863
3916.199951	15.435572	0.000000	-0.065965	-0.036619
3921.010010	21.385891	0.000000	-0.064969	-0.030760
3925.810059	18.321673	0.000000	-0.057427	-0.034731
3930.600098	17.091202	0.000000	-0.059148	-0.039776
3935.370117	15.213482	0.000000	-0.058444	-0.033762
3940.129883	19.581186	0.000000	-0.061830	-0.029282
3944.870117	17.091132	0.000000	-0.062056	-0.033396
3949.600098	18.515192	0.000000	-0.050391	-0.019960
3954.310059	12.781861	0.000000	-0.049093	-0.029100
3959.010010	16.896370	0.000000	-0.061815	-0.017168
3963.699951	10.417229	0.000000	-0.056880	-0.018373
3968.370117	19.533708	0.000000	-0.041604	-0.001196
3973.020020	5.470537	0.000000	-0.034159	-0.009838
3977.659912	15.859756	0.000000	-0.036652	0.003036
3982.290039	19.531630	0.000000	-0.035615	0.017951
3986.899902	-9.991131	0.000000	-0.040695	-0.021826
3991.500000	-8.330959	0.000000	-0.018241	-0.004338
3996.080078	-4.565874	0.000000	-0.014895	0.021979
31000.599609	14.321006	0.000000	0.003653	0.072670
31005.199219	7.700295	0.000000	-0.033635	0.043960
31009.699219	-18.674742	0.000000	0.013169	0.045466
31014.199219	-20.646669	0.000000	0.026178	0.081242
31081.199219	43.718821	0.000000	0.078886	0.036185
31086.599609	40.230917	0.000000	0.078168	0.030982
31092.000000	40.319786	0.000000	0.081496	0.032698
31097.300781	36.655223	0.000000	0.086518	0.029945
31102.699219	36.369266	0.000000	0.089445	0.029141
31108.099609	35.526020	0.000000	0.089227	0.029432
31113.400391	31.266461	0.000000	0.088544	0.021985
31118.699219	29.304503	0.000000	0.087276	0.021074
31124.000000	24.840823	0.000000	0.087537	0.016392
31129.300781	21.085122	0.000000	0.090042	0.013233
31134.599609	17.361992	0.000000	0.084922	0.008310
31139.900391	13.402160	0.000000	0.083111	0.003467
31145.199219	11.366100	0.000000	0.077250	0.000690
31150.400391	11.529096	0.000000	0.074811	0.005212
31155.699219	10.793284	0.000000	0.070263	0.005011
31160.900391	11.754210	0.000000	0.070822	0.009072
31166.199219	12.750701	0.000000	0.071029	0.011553
31171.400391	16.136733	0.000000	0.075050	0.019632
31176.599609	17.610251	0.000000	0.075145	0.024158
31181.800781	18.651419	0.000000	0.077734	0.027387
31187.000000	20.720426	0.000000	0.075710	0.032682
31192.199219	21.010985	0.000000	0.077178	0.034217
31197.400391	21.990697	0.000000	0.073527	0.038154
31202.500000	23.007567	0.000000	0.072931	0.039431
31207.699219	21.134517	0.000000	0.068612	0.036946
31212.800781	21.320610	0.000000	0.071788	0.038029
31218.000000	21.065232	0.000000	0.070351	0.040493
31223.099609	19.947719	0.000000	0.068376	0.038468
31228.300781	20.232125	0.000000	0.067143	0.039229
31233.400391	21.793563	0.000000	0.070411	0.041034
31238.500000	24.176318	0.000000	0.073684	0.046344
31243.599609	23.652011	0.000000	0.076766	0.047396
31248.699219	24.976716	0.000000	0.077147	0.051095
31253.800781	23.502228	0.000000	0.078864	0.049143
31258.900391	24.331835	0.000000	0.081123	0.052998
31263.900391	23.804800	0.000000	0.079466	0.052868
31269.000000	25.192914	0.000000	0.081085	0.055879
31274.099609	22.601264	0.000000	0.080479	0.051983
31279.099609	24.193821	0.000000	0.082428	0.055409
31284.199219	22.420461	0.000000	0.081554	0.052469
31289.199219	22.431156	0.000000	0.084296	0.054477
31294.300781	21.456660	0.000000	0.081337	0.054038
31299.300781	20.619843	0.000000	0.081918	0.054180
31304.300781	17.658487	0.000000	0.077376	0.050391
31309.300781	16.621749	0.000000	0.072685	0.048887
31314.300781	15.007539	0.000000	0.070066	0.047062
31319.400391	13.744249	0.000000	0.065487	0.044735
31324.400391	14.081971	0.000000	0.061209	0.044694
31329.300781	14.546583	0.000000	0.054880	0.044394
31334.300781	14.889028	0.000000	0.051325	0.044765
31339.300781	14.788943	0.000000	0.045308	0.045399
31344.300781	11.204597	0.000000	0.040079	0.039551
31349.300781	9.344695	0.000000	0.034723	0.037609
31354.199219	4.001546	0.000000	0.025498	0.029940
31359.199219	4.564318	0.000000	0.021113	0.032710
31364.099609	0.203143	0.000000	0.015835	0.027471
31369.099609	-0.574702	0.000000	0.012562	0.027574
31374.000000	-4.570112	0.000000	0.000006	0.021466
31379.000000	-9.518429	0.000000	-0.012915	0.014368
31383.900391	-16.524419	0.000000	-0.031064	0.002224
31388.800781	-15.864007	0.000000	-0.045647	-0.001402
31393.800781	-12.429170	0.000000	-0.059699	-0.003459
31398.699219	-13.388506	0.000000	-0.075193	-0.011927
31403.599609	-20.999466	0.000000	-0.090831	-0.027803
31408.500000	-32.551861	0.000000	-0.105604	-0.047946
31413.400391	-40.792831	0.000000	-0.112018	-0.061811
31418.300781	-32.108950	0.000000	-0.110152	-0.055592
31423.199219	-20.805300	0.000000	-0.107745	-0.045962
31428.099609	-14.774419	0.000000	-0.106851	-0.041852
31432.900391	-7.072271	0.000000	-0.103894	-0.035721
31437.800781	1.033617	0.000000	-0.104609	-0.027038
31442.699219	7.852203	0.000000	-0.104894	-0.020807
31447.500000	15.031990	0.000000	-0.106265	-0.014078
31452.400391	19.161899	0.000000	-0.102441	-0.009340
31457.300781	20.290139	0.000000	-0.103360	-0.008563
31462.099609	22.056094	0.000000	-0.099899	-0.005915
31466.900391	19.997620	0.000000	-0.099545	-0.008094
31471.800781	20.930940	0.000000	-0.095435	-0.004179
31476.599609	17.924832	0.000000	-0.097383	-0.006380
31481.400391	17.306812	0.000000	-0.091806	-0.004502
31486.300781	12.985363	0.000000	-0.092043	-0.010099
31491.099609	11.666581	0.000000	-0.086967	-0.009652
31495.900391	8.458220	0.000000	-0.084164	-0.011749
31500.699219	7.407490	0.000000	-0.082010	-0.009952
31505.500000	5.209852	0.000000	-0.081514	-0.009361
31510.300781	4.717424	0.000000	-0.075555	-0.006352
31515.099609	1.385599	0.000000	-0.070453	-0.007712
31519.900391	-1.176824	0.000000	-0.066011	-0.009373
31524.699219	-5.288737	0.000000	-0.061003	-0.012253
31529.400391	-7.133753	0.000000	-0.054418	-0.011545
31534.199219	-10.234299	0.000000	-0.049890	-0.012671
31539.000000	-11.186827	0.000000	-0.044130	-0.011800
31543.699219	-12.304343	0.000000	-0.043359	-0.011209
31548.500000	-13.801829	0.000000	-0.035152	-0.010963
31553.199219	-16.487866	0.000000	-0.033238	-0.013671
31558.000000	-19.138119	0.000000	-0.027822	-0.017173
31562.699219	-23.763064	0.000000	-0.028642	-0.022446
31567.400391	-23.934207	0.000000	-0.026980	-0.021693
31572.099609	-25.627467	0.000000	-0.023835	-0.023851
31576.900391	-25.549750	0.000000	-0.017937	-0.023997
31581.599609	-27.656096	0.000000	-0.020086	-0.027076
31586.300781	-28.426369	0.000000	-0.018597	-0.028851
31591.000000	-29.374233	0.000000	-0.016382	-0.030199
31595.699219	-27.912015	0.000000	-0.015633	-0.027728
31600.400391	-27.493380	0.000000	-0.015293	-0.028086
31605.099609	-26.185293	0.000000	-0.011000	-0.025388
31609.699219	-27.923872	0.000000	-0.012072	-0.029878
31614.400391	-24.341704	0.000000	-0.007992	-0.023338
31619.099609	-23.493059	0.000000	-0.009818	-0.021957
31623.699219	-20.639856	0.000000	-0.008105	-0.015841
31628.400391	-21.994881	0.000000	-0.010663	-0.018727
31633.000000	-20.836068	0.000000	-0.011598	-0.017315
31637.699219	-18.856905	0.000000	-0.012198	-0.014991
31642.300781	-16.139203	0.000000	-0.010437	-0.010530
31646.900391	-15.085293	0.000000	-0.007447	-0.008506
31651.500000	-13.010246	0.000000	-0.007685	-0.005657
31656.199219	-9.440767	0.000000	-0.006062	0.000958
31660.800781	-5.306165	0.000000	-0.002600	0.009069
31665.400391	-5.038429	0.000000	0.000372	0.008998
31670.000000	-4.379253	0.000000	0.000637	0.010831
31674.500000	-4.779908	0.000000	0.001321	0.010344
31679.099609	-5.095206	0.000000	0.003058	0.010442
31683.699219	-9.156324	0.000000	0.001265	0.005574
31688.300781	-10.794824	0.000000	0.002894	0.004186
31692.800781	-12.405548	0.000000	0.000463	0.003207
31697.400391	-15.057721	0.000000	-0.001526	-0.000619
31701.900391	-15.927844	0.000000	0.001706	-0.001338
31706.500000	-17.842070	0.000000	-0.001624	-0.002757
31711.000000	-18.789986	0.000000	-0.004193	-0.003346
31715.500000	-22.691026	0.000000	-0.006005	-0.007649
31720.000000	-23.269179	0.000000	-0.003863	-0.006912
31724.599609	-26.613409	0.000000	-0.008491	-0.011451
31729.099609	-26.081632	0.000000	-0.005992	-0.009606
31733.599609	-22.797559	0.000000	-0.003469	-0.006133
31738.099609	-18.179291	0.000000	-0.000659	-0.001316
31742.500000	-13.337447	0.000000	-0.000080	0.006456
31747.000000	-12.577645	0.000000	0.001726	0.006938
31751.500000	-13.659722	0.000000	0.001494	0.005190
31755.900391	-15.269527	0.000000	-0.002419	0.000014
31760.400391	-14.975011	0.000000	-0.005300	-0.000797
31764.800781	-16.050061	0.000000	-0.006113	-0.002843
31769.300781	-16.143813	0.000000	-0.005941	-0.003761
31773.699219	-14.397931	0.000000	-0.006152	-0.003977
31778.099609	-11.977271	0.000000	-0.007436	-0.000915
31782.500000	-11.841463	0.000000	-0.003187	-0.001190
31786.900391	-12.618968	0.000000	-0.001069	-0.003252
31791.300781	-12.660727	0.000000	-0.002364	-0.002934
31795.699219	-13.435904	0.000000	0.002685	-0.004614
31800.099609	-14.447385	0.000000	0.001669	-0.007380
31804.500000	-17.045797	0.000000	0.001315	-0.011504
31808.900391	-20.557840	0.000000	0.001321	-0.017333
31813.199219	-20.351757	0.000000	0.003291	-0.016500
31817.599609	-21.409635	0.000000	0.001623	-0.019757
31821.900391	-17.930360	0.000000	0.005043	-0.013893
31826.199219	-21.632454	0.000000	0.005019	-0.021221
31830.599609	-22.604465	0.000000	0.001144	-0.023747
31834.900391	-20.576346	0.000000	0.006343	-0.020279
31839.199219	-19.472277	0.000000	0.005886	-0.020513
31843.500000	-20.387234	0.000000	0.006420	-0.022001
31847.800781	-14.667876	0.000000	0.005040	-0.014177
31852.099609	-14.592997	0.000000	0.006409	-0.016127
31856.400391	-8.297255	0.000000	0.009205	-0.006544
31860.599609	-6.584506	0.000000	0.004530	-0.008612
31864.900391	-2.943233	0.000000	0.001784	-0.007477
31869.099609	1.112585	0.000000	-0.006025	-0.005652
31873.400391	7.658962	0.000000	-0.008698	0.001288
31877.599609	13.289874	0.000000	-0.015868	0.003302
31881.900391	17.283552	0.000000	-0.022104	0.001641
31886.099609	19.020121	0.000000	-0.030345	-0.002251
31890.300781	12.038889	0.000000	-0.037903	-0.017475
31894.500000	1.742323	0.000000	-0.047538	-0.036036
31898.699219	-15.422269	0.000000	-0.051672	-0.061441
31902.900391	-33.280631	0.000000	-0.054912	-0.086635
31907.000000	-44.839077	0.000000	-0.051910	-0.101771
31911.199219	-48.038014	0.000000	-0.052625	-0.107040
31915.400391	-43.249512	0.000000	-0.043733	-0.100658
31919.500000	-38.249402	0.000000	-0.044913	-0.094450
31923.699219	-31.804371	0.000000	-0.038796	-0.086582
31927.800781	-28.857353	0.000000	-0.041956	-0.084454
31931.900391	-22.218399	0.000000	-0.037765	-0.074948
31936.099609	-20.155850	0.000000	-0.037172	-0.072505
31940.199219	-16.578111	0.000000	-0.040139	-0.067029
31944.300781	-15.255596	0.000000	-0.039552	-0.065236
31948.400391	-12.870646	0.000000	-0.039307	-0.061646
31952.500000	-11.446536	0.000000	-0.037166	-0.059204
31956.599609	-8.535410	0.000000	-0.038152	-0.054938
31960.599609	-8.155849	0.000000	-0.038237	-0.054483
31964.699219	-5.654613	0.000000	-0.034666	-0.049168
31968.800781	-3.613115	0.000000	-0.034366	-0.045521
31972.800781	-1.918891	0.000000	-0.034832	-0.041967
31976.800781	1.664860	0.000000	-0.030145	-0.036086
31980.900391	1.607818	0.000000	-0.030591	-0.036192
31984.900391	6.031814	0.000000	-0.026352	-0.028028
31988.900391	8.914645	0.000000	-0.025354	-0.024240
31992.900391	13.311870	0.000000	-0.018716	-0.015964
31996.900391	15.497569	0.000000	-0.019651	-0.012122
32000.900391	20.267396	0.000000	-0.012565	-0.004195
32004.900391	20.266347	0.000000	-0.006490	-0.001971
32008.900391	21.925845	0.000000	0.000137	0.000908
32012.900391	23.909290	0.000000	0.002230	0.007295
32016.900391	23.022315	0.000000	0.005065	0.003975
32020.800781	26.912922	0.000000	0.007787	0.011128
32024.800781	30.000076	0.000000	0.010231	0.016398
32028.699219	29.295266	0.000000	0.016653	0.018605
32032.699219	28.675395	0.000000	0.021257	0.018016
32036.599609	30.048931	0.000000	0.021942	0.023745
32040.500000	29.117171	0.000000	0.029810	0.023618
32044.400391	26.578984	0.000000	0.028381	0.021616
32048.400391	29.709372	0.000000	0.031009	0.028924
32052.300781	26.946973	0.000000	0.032150	0.026118
32056.199219	31.340079	0.000000	0.036829	0.034392
32060.099609	28.832995	0.000000	0.040788	0.033730
32063.900391	27.556350	0.000000	0.043468	0.032585
32067.800781	27.696453	0.000000	0.043323	0.035275
32071.699219	23.202028	0.000000	0.039698	0.028598
32075.599609	25.324583	0.000000	0.042824	0.032572
32079.400391	21.827168	0.000000	0.043085	0.028989
32083.300781	25.838399	0.000000	0.048354	0.037065
32087.199219	17.439102	0.000000	0.048419	0.024837
32091.000000	16.412625	0.000000	0.048909	0.025373
32094.900391	17.242311	0.000000	0.058376	0.029416
32098.699219	17.540289	0.000000	0.053651	0.032899
32102.500000	18.125894	0.000000	0.060677	0.036472
32106.400391	13.015683	0.000000	0.051031	0.028880
32110.199219	18.622479	0.000000	0.062432	0.043667
32114.000000	15.881933	0.000000	0.054503	0.037178
32117.900391	13.513466	0.000000	0.065610	0.038276
32121.699219	13.606913	0.000000	0.061530	0.040113
32125.500000	11.223458	0.000000	0.063243	0.038959
32129.300781	13.882694	0.000000	0.065080	0.044351
32133.099609	8.204007	0.000000	0.060788	0.035752
32136.900391	5.048039	0.000000	0.060874	0.033765
32140.699219	5.945866	0.000000	0.067786	0.037910
32144.500000	7.272341	0.000000	0.067328	0.045778
32148.300781	-0.643638	0.000000	0.068171	0.035750
32152.099609	5.664440	0.000000	0.060039	0.054220
32155.900391	-17.621257	0.000000	0.054703	0.013354
32159.699219	-16.670853	0.000000	0.051943	0.022403
32163.500000	-28.984052	0.000000	0.038623	0.003513
32167.300781	-13.756321	0.000000	0.055234	0.036063
32171.099609	-26.396896	0.000000	0.023549	0.017573
32174.900391	-9.765172	0.000000	0.045458	0.052379
32178.599609	-49.347518	0.000000	-0.007719	-0.025223
32182.400391	-28.123961	0.000000	0.027227	0.035365
32186.199219	-53.385842	0.000000	-0.015476	-0.005161
32190.000000	-24.000636	0.000000	0.025318	0.059939
32193.800781	-33.201470	0.000000	-0.032718	0.032245
32197.599609	-39.409002	0.000000	-0.017956	0.045046
32201.400391	-32.299100	0.000000	-0.048291	0.037743
4415.859863	-1.953539	0.000000	-0.001988	-0.004346
4421.859863	3.302751	0.000000	0.001541	0.009179
4427.859863	3.510179	0.000000	0.006271	0.009115
4433.850098	8.025646	0.000000	0.012702	0.010694
4439.819824	8.773024	0.000000	0.017083	0.000123
4445.779785	8.361050	0.000000	0.017653	-0.013804
4451.729980	11.703214	0.000000	0.014068	-0.024724
4457.669922	16.624082	0.000000	0.012607	-0.022007
4463.600098	15.256062	0.000000	0.004312	-0.030027
4469.510254	17.547644	0.000000	-0.004206	-0.030047
4475.410156	16.407901	0.000000	-0.010762	-0.035242
4481.299805	16.446151	0.000000	-0.014612	-0.038168
4487.180176	20.814220	0.000000	-0.014593	-0.037892
4493.049805	21.109615	0.000000	-0.009127	-0.040667
4498.899902	22.210189	0.000000	-0.009063	-0.041789
4504.750000	20.591117	0.000000	-0.008628	-0.045396
4510.580078	23.218437	0.000000	-0.008441	-0.039899
4516.399902	24.492972	0.000000	-0.011479	-0.038014
4522.200195	25.389338	0.000000	-0.015988	-0.035177
4528.000000	25.535342	0.000000	-0.019640	-0.030845
4533.779785	25.896098	0.000000	-0.025583	-0.026149
4539.549805	23.772948	0.000000	-0.027816	-0.025288
4545.310059	25.588859	0.000000	-0.029928	-0.019517
4551.049805	25.905365	0.000000	-0.030830	-0.018172
4556.779785	25.953723	0.000000	-0.030689	-0.016050
4562.500000	24.731702	0.000000	-0.032452	-0.015706
4568.209961	23.493579	0.000000	-0.035463	-0.014293
4573.910156	22.637136	0.000000	-0.036702	-0.011030
4579.589844	22.214150	0.000000	-0.035481	-0.007343
4585.260254	22.081954	0.000000	-0.031043	-0.001802
4590.919922	19.724421	0.000000	-0.028949	0.001593
4596.569824	16.855943	0.000000	-0.028318	0.003990
4602.200195	14.068182	0.000000	-0.026555	0.004798
4607.819824	14.272107	0.000000	-0.026348	0.008026
4613.430176	15.144967	0.000000	-0.022012	0.011209
4619.029785	18.239638	0.000000	-0.017606	0.017620
4624.609863	19.833816	0.000000	-0.015494	0.022230
4630.180176	19.852397	0.000000	-0.009861	0.025783
4635.739746	19.601551	0.000000	-0.002901	0.028516
4641.279785	19.817115	0.000000	0.004919	0.032918
4646.819824	19.353147	0.000000	0.015096	0.037212
4652.339844	20.582670	0.000000	0.023122	0.045801
4657.839844	21.196065	0.000000	0.030042	0.053522
4663.339844	21.620454	0.000000	0.036569	0.061362
4668.819824	21.984505	0.000000	0.040959	0.066612
4674.290039	22.083661	0.000000	0.048420	0.069848
4679.739746	23.091676	0.000000	0.056880	0.072442
4685.180176	22.857954	0.000000	0.064653	0.072201
4690.609863	19.143772	0.000000	0.069480	0.065468
4696.029785	11.475929	0.000000	0.067962	0.052665
4701.430176	1.601707	0.000000	0.060583	0.034117
4706.819824	-7.924241	0.000000	0.050596	0.016946
4712.200195	-14.937549	0.000000	0.039936	0.005664
4717.560059	-20.538695	0.000000	0.029991	-0.002249
4722.919922	-25.140251	0.000000	0.023252	-0.007704
4728.250000	-30.441944	0.000000	0.018694	-0.014149
4733.580078	-33.789273	0.000000	0.014489	-0.019214
4738.890137	-35.585709	0.000000	0.012206	-0.021854
4744.189941	-36.838407	0.000000	0.008849	-0.023839
4749.470215	-37.695506	0.000000	0.005602	-0.025763
4754.739746	-38.530174	0.000000	0.003946	-0.028616
4760.000000	-39.237650	0.000000	0.001756	-0.032224
4765.239746	-39.567766	0.000000	-0.001103	-0.036172
4770.470215	-40.036431	0.000000	-0.005330	-0.040843
4775.689941	-39.434128	0.000000	-0.012564	-0.044414
4780.899902	-38.651841	0.000000	-0.019861	-0.046156
4786.089844	-37.246727	0.000000	-0.025968	-0.046195
4791.260254	-35.978965	0.000000	-0.033934	-0.046219
4796.430176	-34.969110	0.000000	-0.039646	-0.046250
4801.580078	-33.919123	0.000000	-0.044117	-0.045975
4806.709961	-32.162611	0.000000	-0.044812	-0.045114
4811.839844	-31.182378	0.000000	-0.046472	-0.044831
4816.939941	-30.522182	0.000000	-0.046974	-0.044835
4822.040039	-30.899775	0.000000	-0.050762	-0.048689
4827.120117	-30.471895	0.000000	-0.053825	-0.050709
4832.189941	-31.061134	0.000000	-0.058333	-0.053189
4837.239746	-29.819617	0.000000	-0.056322	-0.052698
4842.279785	-29.049811	0.000000	-0.058113	-0.053099
4847.310059	-26.589506	0.000000	-0.058940	-0.050372
4852.319824	-22.359854	0.000000	-0.061791	-0.046131
4857.319824	-17.258296	0.000000	-0.064191	-0.039664
4862.299805	-15.349215	0.000000	-0.067634	-0.037772
4867.270020	-14.599699	0.000000	-0.064914	-0.035824
4872.229980	-12.572874	0.000000	-0.061371	-0.032378
4877.169922	-9.859313	0.000000	-0.055464	-0.026786
4882.100098	-5.816377	0.000000	-0.048921	-0.019004
4887.010254	-2.183333	0.000000	-0.044886	-0.012129
4891.910156	-1.847437	0.000000	-0.042270	-0.010584
4896.799805	-2.619368	0.000000	-0.041915	-0.010284
4901.669922	-0.355350	0.000000	-0.044706	-0.007799
4906.529785	0.317125	0.000000	-0.048113	-0.007359
4911.370117	0.787479	0.000000	-0.048619	-0.006310
4916.200195	2.513777	0.000000	-0.045791	-0.003520
4921.010254	1.387718	0.000000	-0.041917	-0.002738
4925.810059	2.333809	0.000000	-0.040191	0.001303
4930.600098	3.922214	0.000000	-0.039900	0.005311
4935.370117	3.798538	0.000000	-0.039544	0.005406
4940.129883	2.432556	0.000000	-0.037996	0.005409
4944.870117	2.890646	0.000000	-0.035768	0.006658
4949.600098	1.450368	0.000000	-0.037547	0.005064
4954.310059	2.771799	0.000000	-0.038050	0.009708
4959.010254	2.311321	0.000000	-0.034959	0.012120
4963.700195	2.356119	0.000000	-0.033737	0.014972
4968.370117	-1.061955	0.000000	-0.035347	0.015246
4973.020020	-0.122153	0.000000	-0.036588	0.020698
4977.660156	-2.176147	0.000000	-0.034553	0.023262
4982.290039	-2.668595	0.000000	-0.027765	0.029710
4986.899902	1.905248	0.000000	-0.019155	0.042033
4991.500000	0.695965	0.000000	-0.017562	0.045392
4996.080078	-5.726460	0.000000	-0.015317	0.042548
41000.601562	-12.814803	0.000000	-0.012161	0.041362
41005.199219	-17.308608	0.000000	0.002612	0.054897
41009.699219	-14.239246	0.000000	0.003932	0.072970
41014.199219	-8.393443	0.000000	0.007735	0.093646
41081.199219	-20.025619	0.000000	0.008148	0.114011
41086.601562	-20.849124	0.000000	0.023646	0.106614
41092.000000	-17.615848	0.000000	0.043917	0.076799
41097.300781	-2.969978	0.000000	0.071356	0.053275
41102.699219	14.753761	0.000000	0.080714	0.027898
41108.101562	22.356106	0.000000	0.088564	0.008786
41113.398437	15.113354	0.000000	0.087789	0.017274
41118.699219	13.864582	0.000000	0.090791	0.016247
41124.000000	11.866138	0.000000	0.091516	0.013799
41129.300781	9.630045	0.000000	0.090447	0.011025
41134.601562	6.015674	0.000000	0.090131	0.007123
41139.898437	2.058170	0.000000	0.089750	0.002787
41145.199219	-1.935045	0.000000	0.089005	-0.001168
41150.398437	-6.418343	0.000000	0.086769	-0.006716
41155.699219	-9.577528	0.000000	0.083007	-0.010032
41160.898437	-11.919988	0.000000	0.077389	-0.012279
41166.199219	-12.867146	0.000000	0.073005	-0.011936
41171.398437	-12.957112	0.000000	0.069105	-0.010436
41176.601562	-11.950511	0.000000	0.068407	-0.007017
41181.800781	-10.220218	0.000000	0.068881	-0.002855
41187.000000	-7.942580	0.000000	0.071383	0.002560
41192.199219	-5.584529	0.000000	0.072446	0.007685
41197.398437	-3.565836	0.000000	0.073418	0.012062
41202.500000	-2.369555	0.000000	0.072286	0.014867
41207.699219	-0.898355	0.000000	0.071292	0.018056
41212.800781	-0.380127	0.000000	0.067988	0.019312
41218.000000	-0.648377	0.000000	0.065925	0.018940
41223.101562	-0.994506	0.000000	0.063558	0.018494
41228.300781	-1.867804	0.000000	0.062165	0.017081
41233.398437	-2.705551	0.000000	0.059807	0.015905
41238.500000	-2.623564	0.000000	0.058661	0.015701
41243.601562	-1.708482	0.000000	0.057698	0.016513
41248.699219	-0.157067	0.000000	0.059503	0.018341
41253.800781	2.249459	0.000000	0.062031	0.022193
41258.898437	3.848764	0.000000	0.064376	0.024889
41263.898437	4.856719	0.000000	0.066083	0.027203
41269.000000	5.032041	0.000000	0.066656	0.028000
41274.101562	6.006974	0.000000	0.066980	0.030019
41279.101562	6.096035	0.000000	0.066808	0.030233
41284.199219	6.959406	0.000000	0.066642	0.031555
41289.199219	7.219339	0.000000	0.066156	0.031190
41294.300781	7.550958	0.000000	0.067238	0.031431
41299.300781	7.585700	0.000000	0.067351	0.031463
41304.300781	8.272163	0.000000	0.067932	0.033154
41309.300781	7.694226	0.000000	0.066947	0.032914
41314.300781	7.120244	0.000000	0.064531	0.032675
41319.398437	5.875302	0.000000	0.060427	0.030724
41324.398437	4.396103	0.000000	0.056046	0.028117
41329.300781	3.430100	0.000000	0.050960	0.025769
41334.300781	3.316206	0.000000	0.046059	0.024682
41339.300781	3.741112	0.000000	0.041151	0.024202
41344.300781	4.964668	0.000000	0.035539	0.025159
41349.300781	5.464968	0.000000	0.029950	0.025268
41354.199219	5.009057	0.000000	0.024689	0.024509
41359.199219	2.490921	0.000000	0.018538	0.021008
41364.101562	-0.077880	0.000000	0.011681	0.017902
41369.101562	-3.218514	0.000000	0.004961	0.014269
41374.000000	-5.295543	0.000000	-0.000522	0.012510
41379.000000	-7.619364	0.000000	-0.006144	0.010276
41383.898437	-10.203348	0.000000	-0.012270	0.008105
41388.800781	-16.174653	0.000000	-0.022178	0.001866
41393.800781	-22.331575	0.000000	-0.034472	-0.003659
41398.699219	-27.125742	0.000000	-0.047238	-0.007050
41403.601562	-28.787942	0.000000	-0.057870	-0.006397
41408.500000	-29.851744	0.000000	-0.067290	-0.005259
41413.398437	-33.890886	0.000000	-0.076486	-0.008189
41418.300781	-44.546076	0.000000	-0.086164	-0.019482
41423.199219	-55.738706	0.000000	-0.093289	-0.032144
41428.101562	-60.975485	0.000000	-0.095869	-0.038918
41432.898437	-58.772249	0.000000	-0.094697	-0.037979
41437.800781	-50.728558	0.000000	-0.090521	-0.031092
41442.699219	-40.656676	0.000000	-0.087017	-0.021933
41447.500000	-32.302335	0.000000	-0.085213	-0.014258
41452.398437	-23.712799	0.000000	-0.085009	-0.005984
41457.300781	-14.757940	0.000000	-0.084468	0.003085
41462.101562	-7.580372	0.000000	-0.084493	0.010547
41466.898437	-2.081159	0.000000	-0.082994	0.016305
41471.800781	0.861401	0.000000	-0.081488	0.019369
41476.601562	2.244474	0.000000	-0.079059	0.021076
41481.398437	2.561875	0.000000	-0.078929	0.021170
41486.300781	2.922707	0.000000	-0.077940	0.021549
41491.101562	2.041064	0.000000	-0.078427	0.019787
41495.898437	1.221473	0.000000	-0.078169	0.017560
41500.699219	-0.782562	0.000000	-0.077836	0.013044
41505.500000	-2.188958	0.000000	-0.076180	0.009584
41510.300781	-3.807731	0.000000	-0.076661	0.006120
41515.101562	-4.024955	0.000000	-0.076255	0.005451
41519.898437	-4.623125	0.000000	-0.076028	0.004369
41524.699219	-4.958159	0.000000	-0.074827	0.003086
41529.398437	-6.429218	0.000000	-0.072608	-0.000271
41534.199219	-8.072840	0.000000	-0.069041	-0.003924
41539.000000	-10.453161	0.000000	-0.066064	-0.008296
41543.699219	-11.960549	0.000000	-0.062197	-0.011252
41548.500000	-12.937807	0.000000	-0.059700	-0.013501
41553.199219	-12.935011	0.000000	-0.057165	-0.014917
41558.000000	-13.024668	0.000000	-0.055287	-0.016633
41562.699219	-13.165590	0.000000	-0.052423	-0.018987
41567.398437	-15.091142	0.000000	-0.050441	-0.024037
41572.101562	-17.154255	0.000000	-0.049081	-0.029472
41576.898437	-19.186508	0.000000	-0.049955	-0.034993
41581.601562	-20.074708	0.000000	-0.048733	-0.038665
41586.300781	-20.385134	0.000000	-0.048054	-0.041240
41591.000000	-20.312575	0.000000	-0.046491	-0.043420
41595.699219	-21.114690	0.000000	-0.045528	-0.046933
41600.398437	-21.319885	0.000000	-0.045306	-0.049181
41605.101562	-21.066809	0.000000	-0.046187	-0.050857
41609.699219	-19.299412	0.000000	-0.044918	-0.049973
41614.398437	-18.081599	0.000000	-0.044756	-0.050416
41619.101562	-16.441419	0.000000	-0.043885	-0.050384
41623.699219	-15.197788	0.000000	-0.043422	-0.051120
41628.398437	-12.852949	0.000000	-0.042746	-0.049023
41633.000000	-10.644891	0.000000	-0.043419	-0.046786
41637.699219	-8.387816	0.000000	-0.044431	-0.044142
41642.300781	-7.323238	0.000000	-0.046915	-0.043972
41646.898437	-5.545719	0.000000	-0.048794	-0.043262
41651.500000	-3.758874	0.000000	-0.049875	-0.042872
41656.199219	-0.937490	0.000000	-0.049395	-0.040552
41660.800781	1.862339	0.000000	-0.048732	-0.038059
41665.398437	5.446009	0.000000	-0.047720	-0.033841
41670.000000	8.838301	0.000000	-0.046107	-0.029758
41674.500000	12.319354	0.000000	-0.044522	-0.025390
41679.101562	14.654926	0.000000	-0.042670	-0.022551
41683.699219	16.140657	0.000000	-0.040937	-0.021139
41688.300781	15.845452	0.000000	-0.040733	-0.022168
41692.800781	14.868763	0.000000	-0.040588	-0.023744
41697.398437	13.006307	0.000000	-0.040709	-0.026393
41701.898437	10.659650	0.000000	-0.042267	-0.029542
41706.500000	8.475910	0.000000	-0.043267	-0.032684
41711.000000	7.035862	0.000000	-0.043921	-0.034860
41715.500000	5.585134	0.000000	-0.045631	-0.037112
41720.000000	3.500052	0.000000	-0.047551	-0.040073
41724.601562	1.641173	0.000000	-0.048871	-0.041991
41729.101562	-1.210796	0.000000	-0.051581	-0.045188
41733.601562	-3.845787	0.000000	-0.052684	-0.047973
41738.101562	-5.359789	0.000000	-0.052758	-0.049520
41742.500000	-4.215101	0.000000	-0.051303	-0.048256
41747.000000	-0.503453	0.000000	-0.049405	-0.043680
41751.500000	5.136026	0.000000	-0.045748	-0.036228
41755.898437	9.727686	0.000000	-0.043064	-0.029916
41760.398437	11.874103	0.000000	-0.041831	-0.026946
41764.800781	11.908575	0.000000	-0.042567	-0.027313
41769.300781	10.765817	0.000000	-0.044028	-0.029671
41773.699219	9.803637	0.000000	-0.045995	-0.031643
41778.101562	9.553139	0.000000	-0.046771	-0.032788
41782.500000	10.676805	0.000000	-0.046888	-0.031589
41786.898437	12.457302	0.000000	-0.045855	-0.029611
41791.300781	14.355468	0.000000	-0.043973	-0.027958
41795.699219	15.788080	0.000000	-0.042424	-0.026406
41800.101562	16.187491	0.000000	-0.039895	-0.026266
41804.500000	15.995841	0.000000	-0.037477	-0.027566
41808.898437	15.799940	0.000000	-0.036742	-0.028956
41813.199219	14.357316	0.000000	-0.036314	-0.032166
41817.601562	12.364109	0.000000	-0.035624	-0.036234
41821.898437	10.235621	0.000000	-0.036385	-0.040231
41826.199219	10.105132	0.000000	-0.035580	-0.040783
41830.601562	10.583688	0.000000	-0.033788	-0.040486
41834.898437	10.881504	0.000000	-0.033495	-0.040681
41839.199219	10.673048	0.000000	-0.032557	-0.041147
41843.500000	10.933508	0.000000	-0.030976	-0.040608
41847.800781	10.432253	0.000000	-0.029527	-0.041132
41852.101562	12.615157	0.000000	-0.027627	-0.036579
41856.398437	14.188454	0.000000	-0.025258	-0.032921
41860.601562	16.376321	0.000000	-0.022761	-0.027555
41864.898437	19.080074	0.000000	-0.019116	-0.020324
41869.101562	21.926977	0.000000	-0.014727	-0.012505
41873.398437	23.419429	0.000000	-0.011225	-0.005564
41877.601562	25.629884	0.000000	-0.008040	0.004897
41881.898437	27.033004	0.000000	-0.004909	0.016082
41886.101562	28.814681	0.000000	0.000298	0.030152
41890.300781	29.867867	0.000000	0.005755	0.044128
41894.500000	27.987663	0.000000	0.011639	0.053561
41898.699219	21.584623	0.000000	0.014059	0.054688
41902.898437	9.374961	0.000000	0.014224	0.045498
41907.000000	-9.042063	0.000000	0.011142	0.024523
41911.199219	-30.775683	0.000000	0.008011	-0.003857
41915.398437	-50.594946	0.000000	0.004360	-0.031911
41919.500000	-63.886192	0.000000	0.004478	-0.052346
41923.699219	-68.404433	0.000000	0.004735	-0.061895
41927.800781	-65.327211	0.000000	0.007374	-0.061283
41931.898437	-59.532644	0.000000	0.008471	-0.057327
41936.101562	-52.630802	0.000000	0.010055	-0.051146
41940.199219	-47.012899	0.000000	0.010566	-0.046121
41944.300781	-41.838577	0.000000	0.011479	-0.040578
41948.398437	-37.827561	0.000000	0.010719	-0.035785
41952.500000	-34.203575	0.000000	0.010794	-0.030823
41956.601562	-31.990582	0.000000	0.010284	-0.027802
41960.601562	-29.119279	0.000000	0.010591	-0.023687
41964.699219	-26.821749	0.000000	0.011332	-0.020502
41968.800781	-24.312395	0.000000	0.012264	-0.016705
41972.800781	-21.763074	0.000000	0.013387	-0.012928
41976.800781	-19.320342	0.000000	0.013674	-0.009202
41980.898437	-16.146329	0.000000	0.015459	-0.004366
41984.898437	-13.075665	0.000000	0.016679	-0.000128
41988.898437	-9.960884	0.000000	0.018108	0.004243
41992.898437	-6.588175	0.000000	0.019885	0.008728
41996.898437	-2.209578	0.000000	0.023168	0.014607
42000.898437	1.925379	0.000000	0.024919	0.020230
42004.898437	7.558813	0.000000	0.027994	0.027892
42008.898437	11.893987	0.000000	0.031059	0.033530
42012.898437	15.756967	0.000000	0.036077	0.038507
42016.898437	19.014407	0.000000	0.040842	0.043112
42020.800781	21.277623	0.000000	0.046152	0.045731
42024.800781	22.962027	0.000000	0.049126	0.047121
42028.699219	26.367485	0.000000	0.050793	0.050322
42032.699219	29.557459	0.000000	0.052574	0.053935
42036.601562	32.160284	0.000000	0.056239	0.056211
42040.500000	34.604942	0.000000	0.059005	0.059642
42044.398437	35.595612	0.000000	0.062971	0.060533
42048.398437	35.041982	0.000000	0.066141	0.059345
42052.300781	35.875118	0.000000	0.067933	0.060008
42056.199219	35.722773	0.000000	0.068939	0.059702
42060.101562	36.498589	0.000000	0.070125	0.059811
42063.898437	37.919617	0.000000	0.070576	0.061374
42067.800781	39.132697	0.000000	0.073088	0.062111
42071.699219	39.659931	0.000000	0.075492	0.062252
42075.601562	39.267520	0.000000	0.075857	0.060927
42079.398437	38.014324	0.000000	0.074588	0.057763
42083.300781	36.787962	0.000000	0.072175	0.053934
42087.199219	37.464039	0.000000	0.071373	0.053682
42091.000000	36.889379	0.000000	0.072058	0.051173
42094.898437	36.147867	0.000000	0.072439	0.048562
42098.699219	34.190073	0.000000	0.074544	0.044596
42102.500000	33.202203	0.000000	0.075661	0.042523
42106.398437	32.739497	0.000000	0.077842	0.041766
42110.199219	33.283235	0.000000	0.076973	0.042061
42114.000000	33.889219	0.000000	0.077075	0.042945
42117.898437	34.505435	0.000000	0.073055	0.042374
42121.699219	34.567960	0.000000	0.073581	0.041152
42125.500000	34.885802	0.000000	0.073213	0.041074
42129.300781	34.357261	0.000000	0.075094	0.040648
42133.101562	33.220399	0.000000	0.074421	0.038332
42136.898437	32.578859	0.000000	0.075032	0.037854
42140.699219	30.881051	0.000000	0.071221	0.034435
42144.500000	28.617657	0.000000	0.070896	0.029984
42148.300781	28.638662	0.000000	0.070325	0.029972
42152.101562	25.721163	0.000000	0.071423	0.026086
42155.898437	28.123040	0.000000	0.071593	0.032816
42159.699219	24.211210	0.000000	0.068564	0.029207
42163.500000	17.562382	0.000000	0.063526	0.022585
42167.300781	5.238180	0.000000	0.053585	0.005800
42171.101562	-0.691059	0.000000	0.049591	-0.000776
42174.898437	-9.467965	0.000000	0.039854	-0.012262
42178.601562	-3.646927	0.000000	0.038239	0.003641
42182.398437	-10.976479	0.000000	0.024267	-0.005598
42186.199219	-15.162146	0.000000	0.018857	-0.005185
42190.000000	-32.035487	0.000000	-0.002101	-0.026067
42193.800781	-37.526110	0.000000	-0.002397	-0.024274
42197.601562	-41.565506	0.000000	-0.019047	-0.026707
42201.398437	-36.653651	0.000000	-0.023528	-0.010342
5415.859863	0.527674	0.000000	0.000364	0.001354
5421.859863	0.536493	0.000000	0.000817	0.001337
5427.859863	0.454017	0.000000	0.001089	0.000122
5433.850098	0.520120	0.000000	0.001089	-0.000910
5439.819824	0.027869	0.000000	0.000491	-0.002461
5445.779785	0.287126	0.000000	-0.000302	-0.002492
5451.729980	0.835542	0.000000	-0.000501	-0.000807
5457.669922	0.360694	0.000000	-0.000966	-0.000519
5463.600098	0.092951	0.000000	-0.001680	-0.000799
5469.510254	0.131883	0.000000	-0.001501	-0.000492
5475.410156	-0.113777	0.000000	-0.001043	-0.000821
5481.299805	0.437297	0.000000	-0.000378	-0.000278
5487.180176	0.463611	0.000000	0.000557	-0.000248
5493.049805	0.144361	0.000000	0.000554	-0.000384
5498.899902	-0.053195	0.000000	0.000054	-0.000474
5504.750000	0.095814	0.000000	0.000051	0.000170
5510.580078	0.402816	0.000000	-0.000278	0.000760
5516.399902	0.225678	0.000000	-0.000761	0.000488
5522.200195	0.106416	0.000000	-0.000816	0.000720
5528.000000	0.046361	0.000000	-0.000957	0.000890
5533.779785	-0.170084	0.000000	-0.000808	0.000566
5539.549805	-0.030373	0.000000	-0.000440	0.000662
5545.310059	0.212687	0.000000	-0.000299	0.000715
5551.049805	0.034880	0.000000	-0.000083	0.000338
5556.779785	-0.099990	0.000000	-0.000156	0.000279
5562.500000	-0.236636	0.000000	-0.000473	0.000193
5568.209961	-0.207844	0.000000	-0.000429	0.000471
5573.910156	-0.125013	0.000000	-0.000010	0.000704
5579.589844	-0.054003	0.000000	0.000577	0.000929
5585.260254	-0.244872	0.000000	0.000654	0.000904
5590.919922	-0.513479	0.000000	0.000268	0.000592
5596.569824	-0.561804	0.000000	0.000232	0.000325
5602.200195	-0.257782	0.000000	0.000205	0.000410
5607.819824	0.109846	0.000000	0.000456	0.000644
5613.430176	0.389646	0.000000	0.000874	0.000958
5619.029785	0.461770	0.000000	0.000647	0.001088
5624.609863	0.164319	0.000000	0.000786	0.000823
5630.180176	-0.022997	0.000000	0.001241	0.000631
5635.739746	-0.011195	0.000000	0.001471	0.000696
5641.279785	-0.014151	0.000000	0.001799	0.000888
5646.819824	0.079482	0.000000	0.001817	0.001300
5652.339844	0.187875	0.000000	0.001508	0.001644
5657.839844	0.093226	0.000000	0.001335	0.001537
5663.339844	0.086832	0.000000	0.001103	0.001337
5668.819824	0.052739	0.000000	0.001181	0.000859
5674.290039	0.118161	0.000000	0.001595	0.000601
5679.739746	0.077436	0.000000	0.001632	0.000235
5685.180176	-0.389515	0.000000	0.001258	-0.000690
5690.609863	-1.139374	0.000000	0.000326	-0.001946
5696.029785	-1.745020	0.000000	-0.000875	-0.003125
5701.430176	-1.947760	0.000000	-0.001749	-0.003587
5706.819824	-1.658502	0.000000	-0.002082	-0.002864
5712.200195	-1.270591	0.000000	-0.002069	-0.001933
5717.560059	-1.021969	0.000000	-0.001674	-0.001332
5722.919922	-0.999208	0.000000	-0.001144	-0.001208
5728.250000	-0.855157	0.000000	-0.000866	-0.001139
5733.580078	-0.520707	0.000000	-0.000648	-0.000778
5738.890137	-0.297360	0.000000	-0.000559	-0.000453
5744.189941	-0.207335	0.000000	-0.000660	-0.000381
5749.470215	-0.171043	0.000000	-0.000489	-0.000482
5754.739746	-0.165746	0.000000	-0.000391	-0.000668
5760.000000	-0.105029	0.000000	-0.000502	-0.000757
5765.239746	-0.079375	0.000000	-0.000716	-0.000864
5770.470215	0.025039	0.000000	-0.001129	-0.000807
5775.689941	0.124106	0.000000	-0.001461	-0.000549
5780.899902	0.222137	0.000000	-0.001333	-0.000173
5786.089844	0.277961	0.000000	-0.001408	0.000008
5791.260254	0.238223	0.000000	-0.001363	0.000012
5796.430176	0.196333	0.000000	-0.001034	0.000007
5801.580078	0.281561	0.000000	-0.000508	0.000118
5806.709961	0.276477	0.000000	-0.000235	0.000125
5811.839844	0.171532	0.000000	-0.000207	0.000039
5816.939941	0.015159	0.000000	-0.000441	-0.000412
5822.040039	0.000625	0.000000	-0.000686	-0.000591
5827.120117	-0.012607	0.000000	-0.000753	-0.000440
5832.189941	0.081499	0.000000	-0.000240	-0.000173
5837.239746	0.192935	0.000000	0.000012	-0.000010
5842.279785	0.316209	0.000000	-0.000278	0.000218
5847.310059	0.667044	0.000000	-0.000369	0.000688
5852.319824	0.932991	0.000000	-0.000520	0.001073
5857.319824	0.705800	0.000000	-0.000591	0.000844
5862.299805	0.268141	0.000000	-0.000074	0.000389
5867.270020	0.282723	0.000000	0.000631	0.000559
5872.229980	0.474268	0.000000	0.000940	0.000901
5877.169922	0.679359	0.000000	0.001245	0.001345
5882.100098	0.765775	0.000000	0.001061	0.001461
5887.010254	0.401013	0.000000	0.000682	0.000847
5891.910156	-0.049860	0.000000	0.000285	0.000167
5896.799805	0.147779	0.000000	-0.000241	0.000272
5901.669922	0.303093	0.000000	-0.000614	0.000312
5906.529785	0.117906	0.000000	-0.000376	0.000157
5911.370117	0.208895	0.000000	0.000228	0.000367
5916.200195	0.049873	0.000000	0.000657	0.000329
5921.010254	-0.014785	0.000000	0.000569	0.000492
5925.810059	0.262495	0.000000	0.000200	0.000822
5930.600098	0.155527	0.000000	0.000058	0.000420
5935.370117	-0.160073	0.000000	0.000180	-0.000009
5940.129883	-0.075863	0.000000	0.000379	0.000147
5944.870117	-0.099076	0.000000	0.000044	-0.000040
5949.600098	-0.000788	0.000000	-0.000219	0.000326
5954.310059	0.070997	0.000000	0.000248	0.000689
5959.010254	-0.046590	0.000000	0.000435	0.000518
5963.700195	-0.328096	0.000000	-0.000021	0.000329
5968.370117	-0.237649	0.000000	-0.000287	0.000588
5973.020020	-0.101824	0.000000	0.000081	0.000817
5977.660156	-0.242261	0.000000	0.000885	0.000920
5982.290039	0.398215	0.000000	0.001544	0.001862
5986.899902	0.336395	0.000000	0.001014	0.001566
5991.500000	-0.753516	0.000000	0.000393	0.000065
5996.080078	-1.340835	0.000000	0.000534	-0.000390
51000.601562	-1.142654	0.000000	0.001799	0.001253
51005.199219	-0.145968	0.000000	0.001605	0.003153
51009.699219	0.891099	0.000000	0.000521	0.003870
51014.199219	-0.577254	0.000000	0.000422	0.004101
51081.199219	-1.256872	0.000000	0.001588	0.001279
51086.601562	0.242604	0.000000	0.003571	-0.003715
51092.000000	1.791389	0.000000	0.004758	-0.005332
51097.300781	3.249020	0.000000	0.003686	-0.004874
51102.699219	2.541479	0.000000	0.001738	-0.004425
51108.101562	0.033351	0.000000	0.000715	-0.001064
51113.398437	-0.844040	0.000000	0.000219	0.000758
51118.699219	-0.317838	0.000000	0.000387	-0.000329
51124.000000	-0.438695	0.000000	-0.000042	-0.000550
51129.300781	-0.594511	0.000000	-0.000149	-0.000685
51134.601562	-0.755059	0.000000	-0.000061	-0.000817
51139.898437	-0.788752	0.000000	-0.000109	-0.000817
51145.199219	-0.832485	0.000000	-0.000283	-0.000919
51150.398437	-0.760103	0.000000	-0.000596	-0.000882
51155.699219	-0.552470	0.000000	-0.000934	-0.000552
51160.898437	-0.321964	0.000000	-0.000999	-0.000179
51166.199219	-0.096800	0.000000	-0.000822	0.000200
51171.398437	0.091957	0.000000	-0.000455	0.000493
51176.601562	0.269282	0.000000	-0.000024	0.000746
51181.800781	0.381831	0.000000	0.000280	0.000922
51187.000000	0.477043	0.000000	0.000378	0.001083
51192.199219	0.432813	0.000000	0.000201	0.000940
51197.398437	0.307443	0.000000	-0.000021	0.000694
51202.500000	0.267383	0.000000	-0.000212	0.000598
51207.699219	0.179804	0.000000	-0.000448	0.000417
51212.800781	0.028308	0.000000	-0.000535	0.000091
51218.000000	-0.064356	0.000000	-0.000433	-0.000083
51223.101562	-0.123502	0.000000	-0.000374	-0.000189
51228.300781	-0.173878	0.000000	-0.000370	-0.000260
51233.398437	-0.089168	0.000000	-0.000364	-0.000170
51238.500000	0.080956	0.000000	-0.000227	0.000022
51243.601562	0.245936	0.000000	0.000085	0.000263
51248.699219	0.402821	0.000000	0.000440	0.000579
51253.800781	0.401923	0.000000	0.000489	0.000657
51258.898437	0.265192	0.000000	0.000408	0.000509
51263.898437	0.120549	0.000000	0.000241	0.000311
51269.000000	0.116780	0.000000	0.000095	0.000288
51274.101562	0.102657	0.000000	0.000014	0.000226
51279.101562	0.099717	0.000000	-0.000039	0.000164
51284.199219	0.093974	0.000000	-0.000080	0.000062
51289.199219	0.060971	0.000000	0.000062	-0.000015
51294.300781	0.032415	0.000000	0.000112	0.000019
51299.300781	0.069531	0.000000	0.000064	0.000163
51304.300781	0.018185	0.000000	-0.000043	0.000153
51309.300781	-0.108030	0.000000	-0.000336	-0.000036
51314.300781	-0.174785	0.000000	-0.000649	-0.000206
51319.398437	-0.257215	0.000000	-0.000848	-0.000438
51324.398437	-0.231807	0.000000	-0.000938	-0.000475
51329.300781	-0.102149	0.000000	-0.001001	-0.000335
51334.300781	0.026841	0.000000	-0.000986	-0.000169
51339.300781	0.175673	0.000000	-0.001052	0.000070
51344.300781	0.166291	0.000000	-0.001124	0.000106
51349.300781	0.001499	0.000000	-0.001083	-0.000071
51354.199219	-0.293266	0.000000	-0.001140	-0.000423
51359.199219	-0.492875	0.000000	-0.001290	-0.000640
51364.101562	-0.573201	0.000000	-0.001361	-0.000678
51369.101562	-0.518769	0.000000	-0.001219	-0.000536
51374.000000	-0.449571	0.000000	-0.001123	-0.000418
51379.000000	-0.498768	0.000000	-0.001179	-0.000448
51383.898437	-0.861509	0.000000	-0.001604	-0.000852
51388.800781	-1.202238	0.000000	-0.002224	-0.001168
51393.800781	-1.088236	0.000000	-0.002494	-0.000875
51398.699219	-0.649515	0.000000	-0.002334	-0.000288
51403.601562	-0.273178	0.000000	-0.001997	0.000175
51408.500000	-0.523989	0.000000	-0.001861	-0.000202
51413.398437	-1.478827	0.000000	-0.001898	-0.001448
51418.300781	-2.180092	0.000000	-0.001680	-0.002395
51423.199219	-1.628377	0.000000	-0.000963	-0.001922
51428.101562	-0.292178	0.000000	-0.000135	-0.000562
51432.898437	1.021299	0.000000	0.000533	0.000777
51437.800781	1.817274	0.000000	0.000765	0.001617
51442.699219	1.851384	0.000000	0.000542	0.001696
51447.500000	1.688956	0.000000	0.000202	0.001590
51452.398437	1.759170	0.000000	0.000076	0.001749
51457.300781	1.619636	0.000000	0.000046	0.001652
51462.101562	1.262060	0.000000	0.000140	0.001310
51466.898437	0.836462	0.000000	0.000288	0.000866
51471.800781	0.436963	0.000000	0.000389	0.000480
51476.601562	0.167128	0.000000	0.000264	0.000177
51481.398437	0.074979	0.000000	0.000125	0.000060
51486.300781	-0.051036	0.000000	0.000052	-0.000139
51491.101562	-0.173454	0.000000	-0.000025	-0.000399
51495.898437	-0.276599	0.000000	0.000063	-0.000663
51500.699219	-0.345809	0.000000	0.000195	-0.000815
51505.500000	-0.320598	0.000000	0.000102	-0.000731
51510.300781	-0.170259	0.000000	0.000000	-0.000390
51515.101562	-0.075315	0.000000	0.000053	-0.000156
51519.898437	-0.098516	0.000000	0.000147	-0.000246
51524.699219	-0.187466	0.000000	0.000334	-0.000479
51529.398437	-0.293647	0.000000	0.000597	-0.000673
51534.199219	-0.398297	0.000000	0.000640	-0.000795
51539.000000	-0.387128	0.000000	0.000688	-0.000728
51543.699219	-0.253335	0.000000	0.000643	-0.000530
51548.500000	-0.100355	0.000000	0.000500	-0.000371
51553.199219	-0.011575	0.000000	0.000432	-0.000318
51558.000000	-0.019741	0.000000	0.000473	-0.000400
51562.699219	-0.196221	0.000000	0.000491	-0.000722
51567.398437	-0.391241	0.000000	0.000347	-0.001038
51572.101562	-0.408075	0.000000	0.000036	-0.001099
51576.898437	-0.288378	0.000000	0.000027	-0.000909
51581.601562	-0.113334	0.000000	0.000202	-0.000626
51586.300781	-0.024867	0.000000	0.000215	-0.000478
51591.000000	-0.078669	0.000000	0.000246	-0.000579
51595.699219	-0.104130	0.000000	0.000121	-0.000580
51600.398437	0.008159	0.000000	-0.000065	-0.000386
51605.101562	0.193593	0.000000	0.000029	-0.000090
51609.699219	0.306837	0.000000	0.000147	0.000062
51614.398437	0.279226	0.000000	0.000103	-0.000046
51619.101562	0.286268	0.000000	0.000133	-0.000075
51623.699219	0.347505	0.000000	0.000110	0.000118
51628.398437	0.444692	0.000000	-0.000018	0.000413
51633.000000	0.443020	0.000000	-0.000175	0.000487
51637.699219	0.327255	0.000000	-0.000349	0.000273
51642.300781	0.283287	0.000000	-0.000446	0.000094
51646.898437	0.338759	0.000000	-0.000300	0.000087
51651.500000	0.467769	0.000000	-0.000055	0.000277
51656.199219	0.565358	0.000000	0.000109	0.000486
51660.800781	0.642085	0.000000	0.000178	0.000678
51665.398437	0.695533	0.000000	0.000262	0.000825
51670.000000	0.696906	0.000000	0.000323	0.000854
51674.500000	0.587336	0.000000	0.000344	0.000739
51679.101562	0.395348	0.000000	0.000361	0.000444
51683.699219	0.123824	0.000000	0.000198	0.000044
51688.300781	-0.125668	0.000000	0.000037	-0.000253
51692.800781	-0.267473	0.000000	0.000019	-0.000391
51697.398437	-0.425392	0.000000	-0.000166	-0.000588
51701.898437	-0.449578	0.000000	-0.000251	-0.000627
51706.500000	-0.367422	0.000000	-0.000167	-0.000534
51711.000000	-0.278700	0.000000	-0.000231	-0.000421
51715.500000	-0.348346	0.000000	-0.000360	-0.000510
51720.000000	-0.400791	0.000000	-0.000332	-0.000501
51724.601562	-0.465241	0.000000	-0.000394	-0.000497
51729.101562	-0.542579	0.000000	-0.000377	-0.000592
51733.601562	-0.415494	0.000000	-0.000121	-0.000428
51738.101562	-0.031680	0.000000	0.000132	-0.000023
51742.500000	0.482682	0.000000	0.000343	0.000583
51747.000000	0.938639	0.000000	0.000552	0.001210
51751.500000	1.034492	0.000000	0.000641	0.001401
51755.898437	0.667491	0.000000	0.000386	0.000918
51760.398437	0.217735	0.000000	0.000043	0.000259
51764.800781	-0.093766	0.000000	-0.000220	-0.000248
51769.300781	-0.199144	0.000000	-0.000336	-0.000414
51773.699219	-0.118188	0.000000	-0.000273	-0.000312
51778.101562	0.074267	0.000000	-0.000100	-0.000016
51782.500000	0.291662	0.000000	0.000094	0.000331
51786.898437	0.360642	0.000000	0.000294	0.000359
51791.300781	0.328517	0.000000	0.000341	0.000320
51795.699219	0.179484	0.000000	0.000411	0.000167
51800.101562	0.023198	0.000000	0.000503	-0.000117
51804.500000	-0.029464	0.000000	0.000314	-0.000249
51808.898437	-0.151803	0.000000	0.000125	-0.000442
51813.199219	-0.334016	0.000000	0.000112	-0.000719
51817.601562	-0.408263	0.000000	0.000013	-0.000789
51821.898437	-0.228312	0.000000	-0.000001	-0.000457
51826.199219	0.043447	0.000000	0.000270	-0.000015
51830.601562	0.074291	0.000000	0.000209	-0.000005
51834.898437	0.013537	0.000000	0.000126	-0.000055
51839.199219	-0.001912	0.000000	0.000250	-0.000002
51843.500000	-0.029140	0.000000	0.000308	0.000000
51847.800781	0.160622	0.000000	0.000327	0.000386
51852.101562	0.354449	0.000000	0.000420	0.000782
51856.398437	0.352704	0.000000	0.000467	0.000863
51860.601562	0.492804	0.000000	0.000615	0.001262
51864.898437	0.555911	0.000000	0.000804	0.001505
51869.101562	0.448409	0.000000	0.000799	0.001498
51873.398437	0.366777	0.000000	0.000659	0.001740
51877.601562	0.344988	0.000000	0.000620	0.002132
51881.898437	0.322616	0.000000	0.000844	0.002537
51886.101562	0.281410	0.000000	0.001057	0.002798
51890.300781	-0.086584	0.000000	0.001129	0.002327
51894.500000	-0.828052	0.000000	0.000833	0.001062
51898.699219	-1.870948	0.000000	0.000247	-0.000817
51902.898437	-3.057002	0.000000	-0.000291	-0.003006
51907.000000	-4.013736	0.000000	-0.000630	-0.004929
51911.199219	-4.149134	0.000000	-0.000686	-0.005639
51915.398437	-3.311029	0.000000	-0.000356	-0.004844
51919.500000	-1.786252	0.000000	0.000031	-0.003010
51923.699219	-0.156617	0.000000	0.000288	-0.000917
51927.800781	0.895429	0.000000	0.000364	0.000467
51931.898437	1.251602	0.000000	0.000269	0.000980
51936.101562	1.252420	0.000000	0.000215	0.001126
51940.199219	1.073474	0.000000	0.000149	0.001047
51944.300781	0.918474	0.000000	0.000009	0.001029
51948.398437	0.756505	0.000000	-0.000074	0.000965
51952.500000	0.573519	0.000000	-0.000050	0.000783
51956.601562	0.507156	0.000000	-0.000018	0.000712
51960.601562	0.511212	0.000000	0.000093	0.000726
51964.699219	0.469096	0.000000	0.000145	0.000680
51968.800781	0.515245	0.000000	0.000211	0.000765
51972.800781	0.487599	0.000000	0.000133	0.000725
51976.800781	0.556039	0.000000	0.000206	0.000851
51980.898437	0.617834	0.000000	0.000291	0.000893
51984.898437	0.621930	0.000000	0.000276	0.000860
51988.898437	0.655763	0.000000	0.000315	0.000895
51992.898437	0.771747	0.000000	0.000497	0.001035
51996.898437	0.846620	0.000000	0.000507	0.001144
52000.898437	0.967763	0.000000	0.000487	0.001314
52004.898437	0.990180	0.000000	0.000616	0.001321
52008.898437	0.805905	0.000000	0.000800	0.001048
52012.898437	0.707237	0.000000	0.000978	0.000947
52016.898437	0.549700	0.000000	0.001009	0.000728
52020.800781	0.381397	0.000000	0.000820	0.000374
52024.800781	0.519585	0.000000	0.000478	0.000483
52028.699219	0.656732	0.000000	0.000346	0.000678
52032.699219	0.592978	0.000000	0.000545	0.000607
52036.601562	0.508844	0.000000	0.000648	0.000575
52040.500000	0.341645	0.000000	0.000682	0.000429
52044.398437	0.042651	0.000000	0.000724	-0.000032
52048.398437	0.040998	0.000000	0.000501	-0.000034
52052.300781	0.058497	0.000000	0.000267	0.000019
52056.199219	0.068673	0.000000	0.000230	-0.000008
52060.101562	0.223270	0.000000	0.000159	0.000164
52063.898437	0.270459	0.000000	0.000292	0.000236
52067.800781	0.171219	0.000000	0.000484	0.000081
52071.699219	0.008198	0.000000	0.000274	-0.000129
52075.601562	-0.155681	0.000000	-0.000087	-0.000429
52079.398437	-0.243416	0.000000	-0.000374	-0.000689
52083.300781	-0.051245	0.000000	-0.000319	-0.000406
52087.199219	0.014629	0.000000	-0.000007	-0.000269
52091.000000	-0.131974	0.000000	0.000093	-0.000512
52094.898437	-0.253385	0.000000	0.000260	-0.000630
52098.699219	-0.303801	0.000000	0.000313	-0.000620
52102.500000	-0.130744	0.000000	0.000330	-0.000261
52106.398437	-0.002169	0.000000	0.000118	-0.000055
52110.199219	0.127188	0.000000	-0.000075	0.000134
52114.000000	0.128751	0.000000	-0.000388	0.000041
52117.898437	0.054896	0.000000	-0.000351	-0.000210
52121.699219	0.042795	0.000000	0.000025	-0.000115
52125.500000	-0.010156	0.000000	0.000161	-0.000032
52129.300781	-0.170712	0.000000	0.000102	-0.000282
52133.101562	-0.177841	0.000000	-0.000003	-0.000281
52136.898437	-0.240505	0.000000	-0.000310	-0.000397
52140.699219	-0.384641	0.000000	-0.000414	-0.000769
52144.500000	-0.217721	0.000000	-0.000083	-0.000426
52148.300781	-0.286464	0.000000	0.000048	-0.000387
52152.101562	-0.040737	0.000000	0.000136	0.000303
52155.898437	-0.142245	0.000000	-0.000284	0.000323
52159.699219	-1.058594	0.000000	-0.000813	-0.001028
52163.500000	-1.893118	0.000000	-0.001491	-0.002334
52167.300781	-1.835835	0.000000	-0.001403	-0.002351
52171.101562	-1.460484	0.000000	-0.001349	-0.001791
52174.898437	-0.305734	0.000000	-0.001136	0.000431
52178.601562	-0.135686	0.000000	-0.001560	0.000675
52182.398437	-1.145519	0.000000	-0.001927	-0.000869
52186.199219	-2.109557	0.000000	-0.002647	-0.002060
52190.000000	-2.228999	0.000000	-0.002122	-0.001889
52193.800781	-0.943332	0.000000	-0.001700	-0.000053
52197.601562	0.084427	0.000000	-0.002118	0.001384
52201.398437	0.490247	0.000000	-0.000446	0.001631
6415.859863	-0.009913	0.000000	0.000030	-0.000026
6421.859863	-0.008987	0.000000	0.000059	-0.000128
6427.859863	-0.009072	0.000000	0.000016	-0.000243
6433.850098	-0.054902	0.000000	-0.000086	-0.000279
6439.819824	-0.032770	0.000000	-0.000152	-0.000171
6445.779785	0.090759	0.000000	-0.000093	0.000177
6451.729980	0.005736	0.000000	-0.000071	0.000190
6457.669922	-0.080540	0.000000	-0.000131	-0.000011
6463.600098	-0.024001	0.000000	-0.000057	-0.000001
6469.510254	-0.028512	0.000000	0.000068	-0.000000
6475.410156	0.030232	0.000000	0.000108	0.000024
6481.299805	0.049390	0.000000	0.000153	0.000036
6487.180176	-0.021264	0.000000	0.000106	0.000004
6493.049805	-0.058839	0.000000	-0.000054	-0.000032
6498.899902	0.001510	0.000000	-0.000048	0.000069
6504.750000	0.033500	0.000000	-0.000034	0.000104
6510.580078	0.013739	0.000000	-0.000069	0.000037
6516.399902	-0.041097	0.000000	-0.000053	-0.000034
6522.200195	-0.009368	0.000000	-0.000015	0.000060
6528.000000	-0.020260	0.000000	0.000004	0.000000
6533.779785	-0.005628	0.000000	0.000059	-0.000013
6539.549805	0.040804	0.000000	0.000045	0.000015
6545.310059	0.006323	0.000000	0.000043	-0.000030
6551.049805	-0.031839	0.000000	0.000011	-0.000052
6556.779785	-0.023145	0.000000	-0.000042	-0.000011
6562.500000	-0.014502	0.000000	-0.000028	0.000014
6568.209961	0.017953	0.000000	0.000045	0.000061
6573.910156	0.024590	0.000000	0.000118	0.000059
6579.589844	0.000547	0.000000	0.000079	0.000037
6585.260254	-0.044762	0.000000	-0.000030	-0.000037
6590.919922	-0.021736	0.000000	-0.000035	-0.000041
6596.569824	0.028585	0.000000	0.000001	-0.000019
6602.200195	0.073610	0.000000	0.000027	0.000038
6607.819824	0.051464	0.000000	0.000057	0.000037
6613.430176	0.033200	0.000000	0.000018	0.000039
6619.029785	-0.025745	0.000000	-0.000017	-0.000022
6624.609863	-0.055968	0.000000	0.000051	-0.000066
6630.180176	-0.014436	0.000000	0.000056	-0.000013
6635.739746	-0.004240	0.000000	0.000057	0.000024
6641.279785	0.006118	0.000000	0.000031	0.000056
6646.819824	0.019630	0.000000	-0.000037	0.000076
6652.339844	0.014961	0.000000	-0.000029	0.000052
6657.839844	-0.010373	0.000000	-0.000043	-0.000027
6663.339844	-0.011114	0.000000	-0.000024	-0.000080
6668.819824	0.018156	0.000000	0.000059	-0.000044
6674.290039	-0.005743	0.000000	0.000037	-0.000073
6679.739746	-0.048105	0.000000	-0.000029	-0.000122
6685.180176	-0.117710	0.000000	-0.000128	-0.000214
6690.609863	-0.145387	0.000000	-0.000223	-0.000258
6696.029785	-0.071371	0.000000	-0.000196	-0.000148
6701.430176	0.003971	0.000000	-0.000125	0.000012
6706.819824	0.067160	0.000000	-0.000018	0.000175
6712.200195	0.068205	0.000000	0.000037	0.000145
6717.560059	0.016728	0.000000	0.000088	0.000047
6722.919922	0.014428	0.000000	0.000069	0.000008
6728.250000	0.055270	0.000000	0.000048	0.000051
6733.580078	0.063894	0.000000	0.000032	0.000087
6738.890137	0.031456	0.000000	0.000010	0.000042
6744.189941	0.011589	0.000000	0.000007	-0.000010
6749.470215	0.002233	0.000000	0.000028	-0.000037
6754.739746	0.007098	0.000000	-0.000004	-0.000021
6760.000000	0.005560	0.000000	-0.000029	-0.000020
6765.239746	0.008802	0.000000	-0.000050	-0.000010
6770.470215	0.025681	0.000000	-0.000078	0.000043
6775.689941	0.022501	0.000000	-0.000009	0.000072
6780.899902	0.010608	0.000000	0.000011	0.000052
6786.089844	0.001138	0.000000	-0.000003	0.000016
6791.260254	-0.012681	0.000000	0.000040	-0.000011
6796.430176	0.009132	0.000000	0.000079	0.000019
6801.580078	0.008791	0.000000	0.000069	0.000007
6806.709961	-0.012667	0.000000	0.000033	-0.000009
6811.839844	-0.028835	0.000000	-0.000021	-0.000063
6816.939941	-0.013338	0.000000	-0.000038	-0.000052
6822.040039	-0.008605	0.000000	-0.000030	-0.000006
6827.120117	0.003219	0.000000	0.000038	0.000034
6832.189941	0.028789	0.000000	0.000085	0.000060
6837.239746	0.036516	0.000000	0.000000	0.000057
6842.279785	0.043559	0.000000	-0.000042	0.000067
6847.310059	0.068399	0.000000	-0.000016	0.000093
6852.319824	0.001288	0.000000	-0.000019	0.000012
6857.319824	-0.068527	0.000000	0.000043	-0.000067
6862.299805	-0.042292	0.000000	0.000120	-0.000027
6867.270020	0.017886	0.000000	0.000100	0.000049
6872.229980	0.034123	0.000000	0.000053	0.000061
6877.169922	0.015240	0.000000	0.000001	0.000032
6882.100098	-0.018460	0.000000	-0.000059	-0.000036
6887.010254	-0.093857	0.000000	-0.000085	-0.000145
6891.910156	-0.032869	0.000000	-0.000101	-0.000070
6896.799805	0.037760	0.000000	-0.000081	0.000018
6901.669922	-0.000895	0.000000	-0.000014	-0.000021
6906.529785	-0.009157	0.000000	0.000082	0.000001
6911.370117	-0.002880	0.000000	0.000114	0.000021
6916.200195	-0.016555	0.000000	0.000044	0.000019
6921.010254	0.001657	0.000000	-0.000053	0.000016
6925.810059	0.009135	0.000000	-0.000048	-0.000016
6930.600098	-0.057144	0.000000	-0.000012	-0.000108
6935.370117	-0.017815	0.000000	0.000023	-0.000017
6940.129883	-0.002456	0.000000	-0.000007	-0.000009
6944.870117	0.009245	0.000000	-0.000062	0.000016
6949.600098	0.020693	0.000000	0.000008	0.000076
6954.310059	-0.004088	0.000000	0.000072	0.000023
6959.010254	-0.050866	0.000000	-0.000040	-0.000048
6963.700195	-0.016692	0.000000	-0.000071	0.000011
6968.370117	0.026805	0.000000	0.000010	0.000057
6973.020020	0.005345	0.000000	0.000111	0.000048
6977.660156	0.047240	0.000000	0.000139	0.000089
6982.290039	0.068789	0.000000	0.000014	0.000082
6986.899902	-0.120096	0.000000	-0.000118	-0.000187
6991.500000	-0.168090	0.000000	-0.000055	-0.000206
6996.080078	-0.035169	0.000000	0.000146	0.000129
61000.601562	0.112281	0.000000	0.000095	0.000344
61005.199219	0.205269	0.000000	-0.000123	0.000269
61009.699219	-0.043651	0.000000	-0.000115	0.000093
61014.199219	-0.206481	0.000000	0.000108	-0.000249
61081.199219	0.078678	0.000000	0.000308	-0.000780
61086.601562	0.301498	0.000000	0.000323	-0.000650
61092.000000	0.295670	0.000000	0.000005	-0.000124
61097.300781	0.060162	0.000000	-0.000306	0.000062
61102.699219	-0.309257	0.000000	-0.000293	0.000402
61108.101562	-0.328972	0.000000	-0.000152	0.000524
61113.398437	-0.035604	0.000000	-0.000035	0.000071
61118.699219	0.034607	0.000000	-0.000031	-0.000140
61124.000000	-0.038204	0.000000	-0.000064	-0.000054
61129.300781	-0.024053	0.000000	0.000005	-0.000015
61134.601562	-0.020720	0.000000	-0.000003	-0.000020
61139.898437	-0.000142	0.000000	-0.000013	0.000002
61145.199219	-0.002864	0.000000	-0.000054	-0.000010
61150.398437	0.051308	0.000000	-0.000056	0.000070
61155.699219	0.048661	0.000000	-0.000031	0.000080
61160.898437	0.053072	0.000000	0.000013	0.000082
61166.199219	0.036411	0.000000	0.000047	0.000054
61171.398437	0.041975	0.000000	0.000073	0.000067
61176.601562	0.033068	0.000000	0.000080	0.000049
61181.800781	0.021376	0.000000	0.000050	0.000037
61187.000000	0.001970	0.000000	-0.000006	-0.000004
61192.199219	-0.003125	0.000000	-0.000030	-0.000014
61197.398437	-0.030098	0.000000	-0.000051	-0.000050
61202.500000	-0.026381	0.000000	-0.000046	-0.000050
61207.699219	-0.039059	0.000000	-0.000047	-0.000070
61212.800781	-0.030116	0.000000	-0.000011	-0.000062
61218.000000	-0.020056	0.000000	0.000007	-0.000032
61223.101562	-0.019761	0.000000	0.000000	-0.000033
61228.300781	-0.011875	0.000000	-0.000008	-0.000028
61233.398437	0.036912	0.000000	0.000028	0.000049
61238.500000	0.029239	0.000000	0.000044	0.000022
61243.601562	0.026953	0.000000	0.000061	0.000050
61248.699219	0.014414	0.000000	0.000034	0.000039
61253.800781	-0.006395	0.000000	0.000007	0.000000
61258.898437	-0.026284	0.000000	-0.000021	-0.000028
61263.898437	-0.016047	0.000000	-0.000042	-0.000025
61269.000000	0.002271	0.000000	-0.000014	-0.000005
61274.101562	0.000971	0.000000	-0.000004	-0.000004
61279.101562	-0.004338	0.000000	-0.000007	-0.000017
61284.199219	-0.005587	0.000000	0.000007	-0.000024
61289.199219	0.008283	0.000000	0.000028	0.000010
61294.300781	0.001596	0.000000	-0.000012	0.000021
61299.300781	-0.008178	0.000000	-0.000012	0.000009
61304.300781	-0.019344	0.000000	-0.000054	-0.000027
61309.300781	-0.008962	0.000000	-0.000054	-0.000019
61314.300781	-0.002194	0.000000	-0.000041	-0.000018
61319.398437	-0.007355	0.000000	-0.000023	-0.000029
61324.398437	0.012435	0.000000	-0.000026	0.000007
61329.300781	0.033934	0.000000	-0.000003	0.000043
61334.300781	0.024091	0.000000	-0.000009	0.000035
61339.300781	0.024309	0.000000	-0.000006	0.000052
61344.300781	-0.016191	0.000000	-0.000001	-0.000016
61349.300781	-0.055164	0.000000	-0.000011	-0.000066
61354.199219	-0.055438	0.000000	-0.000024	-0.000069
61359.199219	-0.021449	0.000000	-0.000014	-0.000007
61364.101562	-0.018650	0.000000	0.000006	-0.000013
61369.101562	0.009286	0.000000	0.000022	0.000027
61374.000000	0.012012	0.000000	0.000006	0.000022
61379.000000	-0.037017	0.000000	-0.000049	-0.000043
61383.898437	-0.075570	0.000000	-0.000108	-0.000085
61388.800781	-0.013066	0.000000	-0.000082	0.000021
61393.800781	0.066745	0.000000	-0.000007	0.000106
61398.699219	0.074788	0.000000	0.000052	0.000098
61403.601562	0.011041	0.000000	0.000049	0.000002
61408.500000	-0.122081	0.000000	0.000022	-0.000163
61413.398437	-0.170789	0.000000	0.000008	-0.000238
61418.300781	-0.016769	0.000000	0.000085	-0.000053
61423.199219	0.196681	0.000000	0.000169	0.000195
61428.101562	0.260277	0.000000	0.000146	0.000266
61432.898437	0.210677	0.000000	0.000084	0.000207
61437.800781	0.083146	0.000000	-0.000008	0.000097
61442.699219	-0.007104	0.000000	-0.000055	0.000007
61447.500000	-0.005463	0.000000	-0.000050	0.000013
61452.398437	-0.011455	0.000000	-0.000023	-0.000007
61457.300781	-0.059836	0.000000	-0.000001	-0.000061
61462.101562	-0.093698	0.000000	0.000011	-0.000104
61466.898437	-0.093366	0.000000	0.000006	-0.000109
61471.800781	-0.089321	0.000000	-0.000007	-0.000106
61476.601562	-0.031274	0.000000	-0.000027	-0.000031
61481.398437	-0.036707	0.000000	-0.000026	-0.000057
61486.300781	-0.019152	0.000000	-0.000011	-0.000036
61491.101562	-0.026197	0.000000	-0.000013	-0.000064
61495.898437	-0.021001	0.000000	0.000024	-0.000042
61500.699219	0.000286	0.000000	0.000010	-0.000002
61505.500000	0.008698	0.000000	-0.000020	0.000035
61510.300781	0.028708	0.000000	0.000003	0.000070
61515.101562	0.007175	0.000000	0.000014	0.000020
61519.898437	-0.017745	0.000000	0.000028	-0.000049
61524.699219	-0.015721	0.000000	0.000047	-0.000034
61529.398437	-0.022316	0.000000	0.000023	-0.000039
61534.199219	-0.005525	0.000000	0.000005	-0.000003
61539.000000	0.022026	0.000000	0.000012	0.000041
61543.699219	0.026717	0.000000	-0.000025	0.000027
61548.500000	0.012629	0.000000	-0.000040	0.000008
61553.199219	0.010367	0.000000	-0.000010	-0.000002
61558.000000	-0.004659	0.000000	0.000024	-0.000014
61562.699219	-0.029868	0.000000	-0.000009	-0.000053
61567.398437	-0.022228	0.000000	-0.000039	-0.000038
61572.101562	-0.001525	0.000000	-0.000037	-0.000007
61576.898437	0.035947	0.000000	0.000019	0.000061
61581.601562	0.020294	0.000000	0.000001	0.000041
61586.300781	0.007458	0.000000	0.000016	0.000004
61591.000000	-0.013733	0.000000	-0.000008	-0.000022
61595.699219	0.004899	0.000000	-0.000038	0.000009
61600.398437	0.032279	0.000000	-0.000011	0.000051
61605.101562	0.041921	0.000000	0.000034	0.000068
61609.699219	0.006204	0.000000	0.000007	-0.000000
61614.398437	-0.016068	0.000000	-0.000008	-0.000038
61619.101562	0.012436	0.000000	0.000007	0.000026
61623.699219	0.021552	0.000000	-0.000017	0.000055
61628.398437	0.014730	0.000000	-0.000018	0.000051
61633.000000	-0.007515	0.000000	-0.000031	-0.000005
61637.699219	-0.005986	0.000000	-0.000020	-0.000020
61642.300781	-0.003618	0.000000	0.000005	-0.000034
61646.898437	0.013773	0.000000	0.000035	0.000005
61651.500000	0.016390	0.000000	0.000040	0.000026
61656.199219	0.015174	0.000000	0.000023	0.000040
61660.800781	0.031424	0.000000	0.000031	0.000073
61665.398437	0.007852	0.000000	0.000019	0.000023
61670.000000	-0.002214	0.000000	0.000006	0.000007
61674.500000	-0.044882	0.000000	-0.000002	-0.000064
61679.101562	-0.046164	0.000000	-0.000007	-0.000063
61683.699219	-0.054295	0.000000	-0.000028	-0.000077
61688.300781	-0.046126	0.000000	-0.000028	-0.000052
61692.800781	-0.035163	0.000000	-0.000034	-0.000044
61697.398437	-0.007001	0.000000	-0.000015	-0.000001
61701.898437	0.010432	0.000000	0.000005	0.000017
61706.500000	-0.000939	0.000000	-0.000018	-0.000010
61711.000000	0.006277	0.000000	-0.000021	0.000014
61715.500000	-0.009980	0.000000	-0.000008	-0.000003
61720.000000	-0.004507	0.000000	0.000010	0.000009
61724.601562	-0.019219	0.000000	-0.000009	-0.000017
61729.101562	0.008329	0.000000	0.000031	0.000019
61733.601562	0.053326	0.000000	0.000047	0.000057
61738.101562	0.080508	0.000000	0.000043	0.000088
61742.500000	0.092735	0.000000	0.000039	0.000112
61747.000000	0.047531	0.000000	0.000040	0.000071
61751.500000	-0.026978	0.000000	-0.000024	-0.000027
61755.898437	-0.085325	0.000000	-0.000060	-0.000118
61760.398437	-0.084763	0.000000	-0.000058	-0.000126
61764.800781	-0.035794	0.000000	-0.000041	-0.000064
61769.300781	-0.000802	0.000000	-0.000004	-0.000003
61773.699219	0.040759	0.000000	0.000029	0.000060
61778.101562	0.046299	0.000000	0.000035	0.000065
61782.500000	0.030886	0.000000	0.000046	0.000042
61786.898437	0.000379	0.000000	0.000028	-0.000004
61791.300781	-0.030101	0.000000	0.000009	-0.000038
61795.699219	-0.042501	0.000000	0.000014	-0.000070
61800.101562	-0.016812	0.000000	-0.000012	-0.000039
61804.500000	-0.010256	0.000000	-0.000038	-0.000016
61808.898437	-0.050629	0.000000	-0.000033	-0.000077
61813.199219	-0.022652	0.000000	-0.000009	-0.000035
61817.601562	0.014830	0.000000	-0.000004	0.000033
61821.898437	0.040643	0.000000	0.000024	0.000065
61826.199219	0.035405	0.000000	0.000024	0.000052
61830.601562	-0.005437	0.000000	-0.000014	-0.000017
61834.898437	-0.008208	0.000000	0.000011	0.000000
61839.199219	-0.000538	0.000000	0.000015	0.000017
61843.500000	0.024751	0.000000	-0.000003	0.000055
61847.800781	0.041434	0.000000	0.000014	0.000086
61852.101562	0.023873	0.000000	0.000017	0.000049
61856.398437	0.019437	0.000000	0.000023	0.000049
61860.601562	0.017890	0.000000	0.000032	0.000056
61864.898437	0.002977	0.000000	0.000020	0.000032
61869.101562	-0.020568	0.000000	-0.000017	0.000018
61873.398437	0.002793	0.000000	-0.000016	0.000089
61877.601562	0.007359	0.000000	0.000032	0.000095
61881.898437	-0.018790	0.000000	0.000038	0.000049
61886.101562	-0.039614	0.000000	0.000016	-0.000014
61890.300781	-0.110048	0.000000	-0.000022	-0.000174
61894.500000	-0.179713	0.000000	-0.000084	-0.000308
61898.699219	-0.225897	0.000000	-0.000113	-0.000406
61902.898437	-0.213050	0.000000	-0.000078	-0.000398
61907.000000	-0.105578	0.000000	-0.000036	-0.000266
61911.199219	0.076477	0.000000	0.000034	0.000014
61915.398437	0.240597	0.000000	0.000079	0.000270
61919.500000	0.310193	0.000000	0.000051	0.000373
61923.699219	0.260588	0.000000	0.000029	0.000336
61927.800781	0.144536	0.000000	0.000004	0.000197
61931.898437	0.038103	0.000000	-0.000016	0.000069
61936.101562	-0.025235	0.000000	-0.000021	-0.000006
61940.199219	-0.034949	0.000000	-0.000018	-0.000016
61944.300781	-0.018033	0.000000	-0.000014	0.000013
61948.398437	-0.038519	0.000000	-0.000014	-0.000032
61952.500000	-0.027182	0.000000	0.000005	-0.000024
61956.601562	0.003410	0.000000	0.000016	0.000008
61960.601562	-0.013538	0.000000	0.000023	-0.000015
61964.699219	-0.000531	0.000000	0.000014	0.000006
61968.800781	-0.004559	0.000000	-0.000010	-0.000001
61972.800781	0.002367	0.000000	-0.000006	0.000010
61976.800781	0.005502	0.000000	0.000017	0.000006
61980.898437	0.004345	0.000000	0.000007	0.000000
61984.898437	0.016836	0.000000	0.000006	0.000015
61988.898437	0.017334	0.000000	0.000025	0.000020
61992.898437	0.017575	0.000000	0.000021	0.000020
61996.898437	0.012384	0.000000	-0.000018	0.000013
62000.898437	0.011980	0.000000	0.000017	0.000018
62004.898437	-0.000915	0.000000	0.000048	-0.000011
62008.898437	-0.029369	0.000000	0.000027	-0.000043
62012.898437	-0.022395	0.000000	0.000028	-0.000024
62016.898437	-0.040147	0.000000	-0.000011	-0.000064
62020.800781	0.000843	0.000000	-0.000044	-0.000018
62024.800781	0.011219	0.000000	-0.000060	-0.000002
62028.699219	0.004788	0.000000	0.000013	0.000005
62032.699219	-0.013700	0.000000	0.000036	-0.000014
62036.601562	-0.023067	0.000000	0.000020	-0.000017
62040.500000	-0.055234	0.000000	-0.000001	-0.000079
62044.398437	-0.025859	0.000000	-0.000017	-0.000041
62048.398437	0.000070	0.000000	-0.000036	0.000007
62052.300781	-0.000391	0.000000	-0.000031	-0.000004
62056.199219	0.015288	0.000000	-0.000012	0.000021
62060.101562	0.019617	0.000000	0.000004	0.000028
62063.898437	-0.006256	0.000000	0.000030	-0.000007
62067.800781	-0.029545	0.000000	-0.000013	-0.000050
62071.699219	-0.027491	0.000000	-0.000060	-0.000041
62075.601562	-0.010004	0.000000	-0.000060	-0.000038
62079.398437	0.001355	0.000000	-0.000038	-0.000019
62083.300781	0.028155	0.000000	0.000041	0.000044
62087.199219	-0.000962	0.000000	0.000052	-0.000001
62091.000000	-0.027964	0.000000	0.000027	-0.000044
62094.898437	-0.023593	0.000000	0.000021	-0.000020
62098.699219	0.007733	0.000000	0.000004	0.000032
62102.500000	0.030823	0.000000	-0.000017	0.000051
62106.398437	0.027130	0.000000	-0.000046	0.000036
62110.199219	0.014656	0.000000	-0.000034	0.000014
62114.000000	0.007963	0.000000	-0.000023	-0.000013
62117.898437	-0.010512	0.000000	0.000046	-0.000014
62121.699219	0.002134	0.000000	0.000048	0.000031
62125.500000	-0.023087	0.000000	0.000007	-0.000020
62129.300781	-0.020056	0.000000	-0.000018	-0.000028
62133.101562	-0.002708	0.000000	-0.000036	-0.000013
62136.898437	-0.019283	0.000000	-0.000046	-0.000042
62140.699219	-0.002211	0.000000	0.000009	-0.000010
62144.500000	0.014828	0.000000	0.000048	0.000052
62148.300781	0.004013	0.000000	0.000017	0.000053
62152.101562	0.004886	0.000000	-0.000048	0.000046
62155.898437	-0.106596	0.000000	-0.000092	-0.000140
62159.699219	-0.175081	0.000000	-0.000133	-0.000268
62163.500000	-0.077531	0.000000	-0.000059	-0.000132
62167.300781	0.051605	0.000000	0.000017	0.000072
62171.101562	0.160574	0.000000	0.000037	0.000290
62174.898437	0.133146	0.000000	-0.000028	0.000241
62178.601562	-0.098825	0.000000	-0.000101	-0.000153
62182.398437	-0.203428	0.000000	-0.000109	-0.000275
62186.199219	-0.117892	0.000000	-0.000031	-0.000120
62190.000000	0.124155	0.000000	0.000114	0.000218
62193.800781	0.221323	0.000000	-0.000011	0.000311
62197.601562	0.147716	0.000000	0.000139	0.000175
62201.398437	0.033668	0.000000	0.000158	0.000010
